date,s_snow,s_water,et_bucket,m_bucket,ps_bucket,pr_bucket,prcp(mm/day),dayl(s),tmean(c),tmin(c),tmax(c),srad(w/m2),vp(pa),q_bucket,obs_runoff(mm/day)
2000-10-01,15857.159540870269,37.32641688506325,0.3040705874270371,0.9741906523704529,1.1920929e-07,26.69,26.69,11.328,5.67,1.93,9.41,215.89,730.08,4.558307039248454,24.847826
2000-10-02,15856.523836834629,45.84421695842575,0.3268281149177,0.3392436480108483,1.1920929e-07,1.1920929e-07,0.0,11.328,3.665,-0.14,7.47,287.93,618.77,5.024163108870094,10.590877
2000-10-03,15856.294932921486,40.88124756254533,0.2826401605324596,0.23460591286144172,1.1920929e-07,1.1920929e-07,0.0,11.2319975,3.335,-0.64,7.31,276.6,588.92,4.747232342347892,6.242507
2000-10-04,15855.789287862812,36.47911951413794,0.28488944969105195,0.8538529872894287,1.1920929e-07,1.1920929e-07,0.0,11.136003,5.29,-0.3,10.88,344.92,599.41,4.514397530792676,4.72516
2000-10-05,15854.420027371285,33.121309848569666,0.3142700491883322,1.7975536584854126,1.1920929e-07,1.1920929e-07,0.0,11.136003,8.27,3.49,13.05,292.7,793.91,4.344505844066255,3.941028
2000-10-06,15852.33177129135,30.61203040260571,0.31824178253729457,2.2915711402893066,1.1920929e-07,1.1920929e-07,0.0,11.04,9.83,3.95,15.71,326.54,810.72,4.221733977809838,3.655889
2000-10-07,15849.48012051645,28.942316489617475,0.3688212822816769,3.317607879638672,1.1920929e-07,1.1920929e-07,0.0,11.04,13.07,6.97,19.17,318.86,997.44,4.141968165183193,3.747541
2000-10-08,15846.260213133402,27.695544050292476,0.32445668763241564,2.934427499771118,1.1920929e-07,1.1920929e-07,0.0,10.9439945,11.86,6.71,17.01,282.66,976.57,4.083391574550655,3.5846043
2000-10-09,15843.79267591522,27.190058231263297,0.2597087654048125,1.959059238433838,1.1920929e-07,3.27,3.27,10.848,8.78,5.43,12.13,166.86,902.01,4.059879227421491,4.073414
2000-10-10,15842.539919252831,29.013426049866425,0.20923737966964304,0.5989272594451904,1.1920929e-07,6.22,6.22,10.848,4.485,2.25,6.72,126.1,738.76,4.14533429217608,3.5846043
2000-10-11,15841.747664378072,30.16964362867037,0.23785028724033228,1.067610740661621,1.1920929e-07,2.59,2.59,10.752,5.965,2.18,9.75,208.23,730.34,4.200451834331836,3.044877
2000-10-12,15840.884281300512,27.822762362776828,0.20180853840631674,0.6685963273048401,1.1920929e-07,1.1920929e-07,0.0,10.752,4.705,2.08,7.33,184.92,726.26,4.0893304691926815,2.9328582
2000-10-13,15840.283138399955,26.644056426275974,0.1861244830171837,0.5324248354181726,1.1920929e-07,4.84,4.84,10.655997,4.275,1.63,6.92,143.04,706.93,4.034634379091092,2.9328582
2000-10-14,15840.06892950058,26.04408137690903,0.16124316718536985,1.1920928955078125e-07,1.1920929e-07,1.84,1.84,10.655997,2.48,-1.15,6.11,228.08,570.91,4.007075014341629,3.177263
2000-10-15,15839.913580163533,22.856546118504525,0.1533320629069789,0.3835840648455928,1.1920929e-07,1.1920929e-07,0.0,10.560002,3.805,0.15,7.46,227.08,611.66,3.863784153843526,2.4745991
2000-10-16,15839.277987191546,28.873776941902612,0.21385761919595966,0.8981878757476807,1.1920929e-07,19.15,19.15,10.464,5.43,2.44,8.42,147.77,732.89,4.1387262823861155,3.2383642
2000-10-17,15837.76628091457,42.200636181687095,0.3990477236581955,2.0873141288757324,1.1920929e-07,13.96,13.96,10.464,9.185,5.79,12.58,166.58,919.63,4.819328093171189,4.093781
2000-10-18,15836.450384965308,52.67468186975837,0.3542133570462678,0.4817561252698326,1.1920929e-07,15.27,15.27,10.367997,4.115,0.35,7.88,176.02,645.43,5.431907331790285,6.2934246
2000-10-19,15835.969934944353,58.60872016272296,0.3970237675767136,0.5165908316861518,1.1920929e-07,7.61,7.61,10.367997,4.225,-0.27,8.72,200.56,610.82,5.812907998392086,3.6660726
2000-10-20,15835.331240819143,68.79208229810398,0.484519921826265,0.746182382106781,1.1920929e-07,23.16,23.16,10.272,4.95,0.21,9.69,202.37,635.45,6.530059114093706,9.012428
2000-10-21,15835.073528442861,79.48179444004076,0.4196189512402876,1.1920928955078125e-07,0.0026048701,12.167396,12.17,10.272,0.685,-2.92,4.29,167.02,512.24,7.378243394176344,7.3932467
2000-10-22,15835.070096295764,76.77622337006385,0.4635479649230161,0.054502375272578174,1.1920929e-07,1.1920929e-07,0.0,10.176,2.79,-2.97,8.55,287.84,499.45,7.1536810960079995,5.081584
2000-10-23,15834.206698338001,70.24236966064981,0.5803382774904037,1.5647951364517212,1.1920929e-07,1.1920929e-07,0.0,10.168944,7.535,2.1,12.97,270.89,709.65,6.63915118833587,4.226167
2000-10-24,15832.477760085467,64.95763905221773,0.558080714841171,1.7991368770599365,1.1920929e-07,1.1920929e-07,0.0,10.08,8.275,3.17,13.38,248.95,771.96,6.250185863000287,3.7373574
2000-10-25,15830.69162688618,60.1314156435323,0.49815129018345805,1.664548635482788,1.1920929e-07,1.1920929e-07,0.0,9.990422,7.85,5.39,10.31,142.98,909.12,5.914909992708824,3.2078135
2000-10-26,15829.647392865456,54.97040433288674,0.35099495557565297,0.41525309570825897,1.1920929e-07,1.1920929e-07,0.0,9.984,3.905,0.04,7.77,225.52,624.45,5.576251255686304,2.9226747
2000-10-27,15829.379265650317,50.79978585304728,0.3019817988013474,0.12148239478845468,1.1920929e-07,3.33,3.33,9.887998,2.985,0.44,5.53,136.96,645.2,5.316799168047706,2.6680863
2000-10-28,15829.365167297718,54.928949268417135,0.29429568407179735,1.1920928955078125e-07,1.7845631e-06,14.969998,14.97,9.887998,1.455,-1.18,4.09,120.28,577.17,5.573611058102448,3.2790983
2000-10-29,15829.365126550761,59.40251110284686,0.3092961683063007,1.1920928955078125e-07,8.405149e-06,5.5299916,5.53,9.792003,1.18,-0.83,3.19,93.95,586.34,5.865860875707833,2.6884532
2000-10-30,15829.366932351395,55.6238716405296,0.31806645134147926,1.1920928955078125e-07,1.1920929e-07,1.1920929e-07,0.0,9.792003,2.555,-1.17,6.28,197.78,563.41,5.618035023110276,2.3829472
2000-10-31,15829.369156675746,49.894505339647814,0.2574194542076602,1.1920928955078125e-07,1.1920929e-07,1.1920929e-07,0.0,9.696003,1.19,-1.38,3.76,146.95,556.98,5.262096441812181,2.230194
2000-11-01,15829.379194096466,44.53475274100144,0.23743493548341557,1.1920928955078125e-07,1.1920929e-07,1.1920929e-07,0.0,9.696003,1.67,-2.96,6.3,236.82,498.88,4.949564218869893,2.0876248
2000-11-02,15829.37232889665,39.50188929027424,0.2246946910528776,0.04764954617190931,1.1920929e-07,1.1920929e-07,0.0,9.6,2.77,0.62,4.92,123.29,639.99,4.673012568068573,1.9959729
2000-11-03,15828.90550496934,35.17340752312631,0.23813879501878324,0.8807706236839294,1.1920929e-07,1.1920929e-07,0.0,9.6,5.375,1.08,9.67,221.76,666.22,4.447558294814693,1.9654223
2000-11-04,15828.116093494249,37.15073683291242,0.2288504659305139,0.4785894504571999,1.1920929e-07,11.61,11.61,9.504003,4.105,-1.44,9.65,180.41,565.59,4.549167808880235,2.8717568
2000-11-05,15830.589949210675,40.56035553122707,0.18101206277387388,1.1920928955078125e-07,9.821376,0.098624595,9.92,9.504003,-0.62,-1.83,0.59,56.99,550.59,4.729861416701459,2.4847825
2000-11-06,15837.9024075069,38.14280687246034,0.17548962712279353,1.1920928955078125e-07,2.1150637,7.3749366,9.49,9.408,-0.035,-1.61,1.54,76.26,559.34,4.60101878949813,2.719004
2000-11-07,15838.235754848902,39.945758270924884,0.19182696644158742,1.1920928955078125e-07,0.0024197958,4.15758,4.16,9.408,0.585,-1.81,2.98,110.29,540.94,4.696768531505987,2.5662508
2000-11-08,15848.118624343586,40.56277385815305,0.1729071176788934,1.1920928955078125e-07,26.723688,0.0063107926,26.73,9.318422,-0.995,-3.36,1.37,107.27,488.82,4.729992090573652,3.442035
2000-11-09,15861.187060251425,35.80706375993499,0.13557283978106865,1.1920928955078125e-07,1.1920929e-07,1.1920929e-07,0.0,9.312,-2.67,-6.23,0.89,196.12,400.39,4.4798705711144775,2.9634087
2000-11-10,15860.831862102155,31.320887407191023,0.10537834645663104,1.1920928955078125e-07,1.1920929e-07,1.1920929e-07,0.0,9.26253,-4.25,-8.31,-0.19,208.84,340.42,4.256060395170899,2.5357003
2000-11-11,15860.831862102155,27.07018846603272,0.08612872782736773,1.1920928955078125e-07,1.1920929e-07,1.1920929e-07,0.0,9.216,-4.955,-8.98,-0.93,201.35,313.48,4.054323450794808,2.2200108
2000-11-12,15860.831862102155,23.02232080141411,0.08890169430069211,1.1920928955078125e-07,1.1920929e-07,1.1920929e-07,0.0,9.216,-2.245,-7.11,2.62,218.43,359.91,3.8711083791955554,2.0876248
2000-11-13,15860.831862102155,19.15547782605877,0.07199331854190479,1.1920928955078125e-07,1.1920929e-07,1.1920929e-07,0.0,9.119997,-2.48,-4.93,-0.03,128.35,427.71,3.7038245164498234,2.036707
2000-11-14,15860.831862102155,15.464769949801017,0.05442544631720416,1.1920928955078125e-07,1.1920929e-07,1.1920929e-07,0.0,9.119997,-3.405,-6.75,-0.06,163.83,374.82,3.5509074179264615,1.9348717
2000-11-15,15860.831862102155,11.935302712859936,0.04366788468531026,1.1920928955078125e-07,1.1920929e-07,1.1920929e-07,0.0,9.024003,-2.71,-6.53,1.11,177.38,376.9,3.4105802633305435,1.8126693
2000-11-16,15860.831862102155,8.551978801462063,0.03370784157967405,1.1920928955078125e-07,1.1920929e-07,1.1920929e-07,0.0,9.024003,-1.655,-5.3,1.99,166.65,418.57,3.281272315535818,1.7210175
2000-11-17,15860.831862096944,5.302000161976647,0.02437766715265791,1.1920928955078125e-07,1.1920929e-07,1.1920929e-07,0.0,9.016947,0.57,-4.07,5.21,195.39,445.06,3.161679566814302,1.6599163
2000-11-18,15860.833448126608,2.1765405023164828,0.010623154094914291,1.1920928955078125e-07,1.1920929e-07,1.1920929e-07,0.0,8.928,1.585,-2.43,5.6,175.38,516.3,3.0507823005429544,1.6293656
2000-11-19,15860.745712556505,-0.1462491774101528,1.1920928955078125e-07,0.34241108672148,1.1920929e-07,1.1920929e-07,0.0,8.928,3.675,-0.23,7.58,176.96,602.66,0.5587848142099744,1.598815
2000-11-20,15860.085177654017,-0.09191017787683083,1.1920928955078125e-07,0.9156052470207214,1.1920929e-07,1.1920929e-07,0.0,8.838422,5.485,0.94,10.03,186.33,645.48,0.8476491528710592,1.6293656
2000-11-21,15859.25747345421,-0.11350478966105015,1.1920928955078125e-07,0.6733464598655701,1.1920929e-07,1.1920929e-07,0.0,8.831997,4.72,0.34,9.1,182.31,625.15,0.7228827338975661,1.6191821
2000-11-22,15858.633563909287,-0.13817965435403837,1.1920928955078125e-07,0.5720095634460449,1.1920929e-07,1.1920929e-07,0.0,8.831997,4.4,0.5,8.3,167.2,631.66,0.5963743764995347,1.5478973
2000-11-23,15858.244970906511,5.666272019998958,0.02987158712185317,0.1364222981605412,1.1920929e-07,15.68,15.68,8.742422,3.03,-0.13,6.19,105.67,604.91,3.174864161045336,2.169093
2000-11-24,15860.110545572323,13.68544982561451,0.05635513775763741,1.1920928955078125e-07,10.457979,0.18202113,10.64,8.736,-0.565,-2.15,1.02,60.36,532.51,3.4794567493254736,2.3931308
2000-11-25,15864.34208293997,15.767282913612004,0.07094121041032302,1.1920928955078125e-07,0.0017633891,11.118237,11.12,8.736,0.715,-1.38,2.81,78.7,556.74,3.563200289159442,2.627352
2000-11-26,15869.021056400094,24.206977072085884,0.0992790377960175,1.1920928955078125e-07,22.027035,0.94296473,22.97,8.646422,-0.475,-2.22,1.27,66.86,527.27,3.923854327991156,3.4318514
2000-11-27,15898.719264303767,20.340751635098968,0.07250136508576566,1.1920928955078125e-07,34.35,1.1920929e-07,34.35,8.64,-2.465,-4.93,-0.0,95.17,441.99,3.7543176177708855,4.4196544
2000-11-28,15919.388694505762,16.599331843447914,0.06268657715391314,1.1920928955078125e-07,4.5399985,1.6236305e-06,4.54,8.64,-1.645,-5.88,2.59,147.05,401.79,3.597231243704354,3.0346935
2000-11-29,15922.530191429498,15.151416708375661,0.06571512071167589,1.1920928955078125e-07,0.039305255,6.7706947,6.81,8.632941,0.355,-3.03,3.74,116.24,497.39,3.5382187575859203,3.2892818
2000-11-30,15922.551044256634,20.58885744326164,0.08960608910959522,1.1920928955078125e-07,0.008933562,11.371067,11.38,8.544,0.555,-1.07,2.18,59.93,572.3,3.764973830875798,3.1365287
2000-12-01,15922.54036845148,23.05297680576447,0.11813344034275237,0.10971504524764697,1.1920929e-07,0.69,0.69,8.544,2.95,-0.18,6.08,137.62,605.55,3.872464337276446,2.6986368
2000-12-02,15922.519883009665,24.593541276274628,0.10953111293238764,1.1920928955078125e-07,0.00027509808,9.989725,9.99,8.544,0.89,-2.04,3.82,102.64,538.56,3.9412208618344318,3.0143263
2000-12-03,15922.519919042343,25.163654053089157,0.12146754569938295,1.1920928955078125e-07,1.1920929e-07,1.1920929e-07,0.0,8.536944,2.08,-2.17,6.33,166.66,523.35,3.966973749010595,2.6680863
2000-12-04,15922.116943183477,21.55848115929811,0.1291257835480423,0.9061048626899719,1.1920929e-07,1.1920929e-07,0.0,8.448,5.455,1.49,9.42,158.43,679.05,3.8069103217934996,2.413498
2000-12-05,15920.99257121205,18.810582893644934,0.12183545516689828,1.2829515933990479,1.1920929e-07,1.1920929e-07,0.0,8.448,6.645,2.19,11.1,163.13,720.38,3.6892598262852143,2.2709284
2000-12-06,15919.653458367038,16.39602664267798,0.10623121196794486,1.2845350503921509,1.1920929e-07,1.1920929e-07,0.0,8.448,6.65,1.36,11.94,171.74,668.58,3.5888861361542563,2.2200108
2000-12-07,15918.916103143774,13.511938409045957,0.06897305392712064,0.14628013223344638,1.1920929e-07,1.1920929e-07,0.0,8.448,3.06,-0.24,6.36,125.44,601.03,3.472566602548443,2.148726
2000-12-08,15918.896364397808,10.057025077716968,0.04638339990816201,1.1920928955078125e-07,1.1920929e-07,1.1920929e-07,0.0,8.448,1.565,-1.27,4.4,115.23,562.1,3.3381773085370137,2.0672576
2000-12-09,15920.279649679125,6.841403240196923,0.02241873181843461,1.1920928955078125e-07,2.81,1.1920929e-07,2.81,8.398531,-3.25,-6.18,-0.32,107.44,398.38,3.2177732458705663,2.01634
2000-12-10,15922.438661142432,3.666343086512147,0.009505714137490028,1.1920928955078125e-07,1.45,1.1920929e-07,1.45,8.352,-6.415,-8.65,-4.18,104.39,337.14,3.103149611550554,1.9145046
2000-12-11,15923.163880790213,0.6112730826387001,0.0015142737243907438,1.1920928955078125e-07,1.1920929e-07,1.1920929e-07,0.0,8.352,-7.005,-9.85,-4.16,126.76,299.37,2.990092553846089,1.7515681
2000-12-12,15922.920398454135,-0.30337897330139796,1.1920928955078125e-07,1.1920928955078125e-07,1.1920929e-07,1.1920929e-07,0.0,8.352,-5.475,-7.89,-3.06,114.6,343.56,0.13618612940861635,1.7108339
2000-12-13,15925.76238621406,-0.390701401598255,1.1920928955078125e-07,1.1920928955078125e-07,7.02,1.1920929e-07,7.02,8.352,-3.965,-5.93,-2.0,69.56,396.44,0.05837629969342213,1.6700997
2000-12-14,15939.667135782785,-0.4370831745737918,1.1920928955078125e-07,1.1920928955078125e-07,19.42,1.1920929e-07,19.42,8.352,-3.235,-5.16,-1.31,70.07,421.23,0.03696242931158537,1.8024857
2000-12-15,15960.83387930155,-0.46858722941741765,1.1920928955078125e-07,1.1920928955078125e-07,22.81,1.1920929e-07,22.81,8.352,-5.2,-8.24,-2.16,106.08,342.71,0.0270552377705832,1.8941375
2000-12-16,15985.259635375804,-0.4790621203180417,1.1920928955078125e-07,1.1920928955078125e-07,25.813427,0.24657193,26.06,8.352,-0.625,-4.8,3.55,125.22,436.25,0.02438386059259556,2.494966
2000-12-17,16012.054268339347,-0.47508892577926704,1.1920928955078125e-07,1.1920928955078125e-07,26.49,1.1920929e-07,26.49,8.352,-3.995,-6.07,-1.92,76.22,407.54,0.025364864212757413,2.8208392
2000-12-18,16027.4930939869,-0.20060238368700709,1.1920928955078125e-07,1.1920928955078125e-07,3.499539,2.120461,5.62,8.352,-0.21,-6.27,5.85,148.5,391.04,0.3520457316081448,2.057074
2000-12-19,16034.196850369048,-0.311579478195179,1.1920928955078125e-07,1.1920928955078125e-07,8.399976,2.4282932e-05,8.4,8.352,-1.435,-4.77,1.9,111.64,436.83,0.12590730618221496,2.057074
2000-12-20,16043.232427860308,-0.3942149524258305,1.1920928955078125e-07,1.1920928955078125e-07,9.619999,1.1467934e-06,9.62,8.352,-1.745,-4.85,1.36,107.28,433.69,0.05639693799388398,1.8941375
2000-12-21,16047.197113476612,3.625076650783911,0.017365557265367298,1.1920928955078125e-07,1.1920929e-07,9.72,9.72,8.352,2.29,-1.07,5.65,111.68,569.95,3.101687041613095,1.9756058
2000-12-22,16047.198008747633,12.976751220318816,0.05558939518336123,1.1920928955078125e-07,0.0045218095,15.645477,15.65,8.352,0.655,-0.78,2.09,55.27,580.65,3.451400121308396,2.230194
2000-12-23,16048.407494065279,23.618698656131716,0.09567012742367068,1.1920928955078125e-07,7.2675033,7.6324964,14.9,8.352,-0.155,-1.48,1.17,52.22,553.67,3.8975724375209184,2.5662508
2000-12-24,16060.779529510595,20.54105002597191,0.0758334546395325,1.1920928955078125e-07,11.10998,1.9535124e-05,11.11,8.352,-1.485,-2.76,-0.21,50.55,510.89,3.7629181391507425,2.586618
2000-12-25,16065.50016597799,19.14918924986463,0.08878526810151814,1.1920928955078125e-07,1.1920929e-07,3.23,3.23,8.352,1.81,-1.87,5.49,126.01,541.39,3.703558439984137,2.3320296
2000-12-26,16065.063793601605,17.878807362498033,0.10916598198406258,1.0533602237701416,1.1920929e-07,1.74,1.74,8.352,5.92,2.48,9.36,145.43,733.06,3.650197286599886,2.7699215
2000-12-27,16064.570192284127,17.483275418359284,0.08034568220512997,1.1920928955078125e-07,1.2040138e-07,4.04,4.04,8.352,1.68,-1.34,4.7,102.88,561.46,3.6337408269093325,3.941028
2000-12-28,16064.314311563005,16.07217532938453,0.09094774204351204,0.6891804337501526,1.1920929e-07,0.29,0.29,8.352,4.77,2.05,7.49,121.96,710.98,3.575632911890848,3.2587311
2000-12-29,16063.498291545013,19.30025949601946,0.1131211265182241,0.85701984167099,1.1920929e-07,12.24,12.24,8.352,5.3,1.73,8.87,114.26,692.7,3.7099556747076057,2.9328582
2000-12-30,16062.874499532069,29.71543761611093,0.15826109014004722,0.39783522651428527,1.1920929e-07,14.85,14.85,8.358422,3.85,1.5,6.2,83.81,682.28,4.178712714241984,3.8188257
2000-12-31,16062.370485699845,40.226757936455584,0.22478438534641304,0.6274281740188599,1.1920929e-07,13.54,13.54,8.355211,4.575,1.62,7.53,99.03,687.49,4.711870082576346,3.879927
2001-01-01,16062.023663775168,43.7297016866321,0.22026868753831477,0.08403071906640669,1.1920929e-07,2.46,2.46,8.440945,2.875,-2.24,7.99,164.51,523.44,4.90425212164843,3.3809338
2001-01-02,16061.240259219521,39.74495965728107,0.2658803597661807,1.4397071599960327,1.1920929e-07,1.1920929e-07,0.0,8.448,7.14,3.9,10.38,142.64,805.88,4.686006824197891,3.044877
2001-01-03,16059.913728844622,41.804662558336,0.26445611585875783,1.1689475774765015,1.1920929e-07,11.01,11.01,8.448,6.285,1.35,11.22,137.99,674.74,4.797576545436185,3.3401995
2001-01-04,16058.941782136455,48.96304054758672,0.2828703776006216,0.7335153222084045,1.1920929e-07,11.89,11.89,8.448,4.91,1.64,8.18,110.22,688.49,5.206398910219642,4.2159834
2001-01-05,16058.65977395314,56.8015902389958,0.26530027657631694,1.1920928955078125e-07,4.312396e-07,14.47,14.47,8.448,1.75,-2.41,5.91,131.0,529.65,5.694132480761014,5.9268174
2001-01-06,16058.660111643236,58.200803748078656,0.2520064686121975,1.1920928955078125e-07,1.1920929e-07,1.1920929e-07,0.0,8.494531,0.565,-4.97,6.1,196.02,429.94,5.785882579078206,4.888097
2001-01-07,16058.27258179585,52.27680046550313,0.31929805836694397,0.9456896185874939,1.1920929e-07,1.1920929e-07,0.0,8.544,5.58,1.28,9.88,175.79,670.68,5.4072731195477965,3.9715786
2001-01-08,16057.92437254598,49.08051158375581,0.22659823151924838,1.1920928955078125e-07,5.6028364e-07,3.7599995,3.76,8.544,1.415,-3.16,5.99,139.82,496.48,5.213390549540964,3.615155
2001-01-09,16058.368104448065,45.168550628291804,0.17414870551453304,1.1920928955078125e-07,1.1920929e-07,1.1920929e-07,0.0,8.544,-1.19,-5.7,3.32,186.42,411.37,4.98553172226508,3.2383642
2001-01-10,16059.22233617813,40.72188948945691,0.17146044680373454,1.1920928955078125e-07,0.2681739,2.541826,2.81,8.550425,0.065,-2.9,3.03,118.53,500.52,4.738597813750712,2.8717568
2001-01-11,16059.501542738888,38.65437562147414,0.1661751313034135,1.1920928955078125e-07,0.0775093,3.2924907,3.37,8.64,0.215,-2.68,3.11,119.56,517.4,4.627986682205124,2.627352
2001-01-12,16063.32140479635,34.70180367945503,0.1319267440090578,1.1920928955078125e-07,5.889994,5.441606e-06,5.89,8.64,-1.55,-2.68,-0.42,48.62,510.63,4.423660989174481,2.4644156
2001-01-13,16072.290714616805,30.27233529302264,0.1026717506289697,1.1920928955078125e-07,11.55,1.1920929e-07,11.55,8.64,-3.165,-4.7,-1.63,64.4,443.99,4.2053824971818115,2.413498
2001-01-14,16083.97555912621,26.075673289598686,0.08164293041996881,1.1920928955078125e-07,10.46,1.1920929e-07,10.46,8.728945,-4.425,-6.07,-2.78,71.7,401.07,4.008521456592743,2.230194
2001-01-15,16088.936169643845,22.08140132276831,0.07286125244740113,1.1920928955078125e-07,1.1920929e-07,1.1920929e-07,0.0,8.736,-3.705,-6.58,-0.83,144.93,381.31,3.8297203183881927,2.0265236
2001-01-16,16088.33138970055,18.26484233130413,0.06688063882861645,1.1920928955078125e-07,1.1920929e-07,1.1920929e-07,0.0,8.736,-2.24,-6.95,2.47,204.96,363.66,3.666330478737587,1.8737705
2001-01-17,16090.700364717895,15.047342094831508,0.06512026363184403,1.1920928955078125e-07,0.8449178,4.395082,5.24,8.824942,0.005,-3.78,3.79,140.93,460.57,3.534014486904349,1.8737705
2001-01-18,16090.751179194422,16.881948599007693,0.08131594505831924,1.1920928955078125e-07,3.248453e-07,5.4499993,5.45,8.831997,1.55,-0.17,3.27,71.41,603.86,3.6088641136294606,2.281112
2001-01-19,16092.035975692488,16.663159198395416,0.06896176663928195,1.1920928955078125e-07,4.039946,0.030053861,4.07,8.831997,-0.65,-3.41,2.11,118.53,485.8,3.5998551775641268,2.2505612
2001-01-20,16096.257970239658,13.31264527584391,0.056967294736076694,1.1920928955078125e-07,4.5894713,0.8805285,5.47,8.928,-0.325,-4.46,3.81,155.13,448.35,3.4646694966682623,2.0061564
2001-01-21,16101.014989781159,16.214550936808333,0.0710402278370627,1.1920928955078125e-07,2.315945,13.3140545,15.63,8.928,0.015,-1.99,2.02,85.38,534.21,3.5814534225421832,2.6986368
2001-01-22,16101.356247419953,23.391480971877858,0.1113526538388575,1.1920928955078125e-07,6.799102e-06,6.7099934,6.71,8.928,1.22,-3.18,5.62,160.57,490.6,3.8874684657950516,2.3931308
2001-01-23,16101.356300564792,22.482991940991187,0.11259144497582892,1.1920928955078125e-07,1.1920929e-07,1.1920929e-07,0.0,9.024003,1.805,-2.19,5.8,203.7,531.65,3.8473306103604004,2.148726
2001-01-24,16102.734694325882,19.211845463995544,0.07847985479144211,1.1920928955078125e-07,4.3797693,0.00023078443,4.38,9.024003,-1.145,-3.35,1.06,96.89,488.76,3.7062103459848252,2.1181753
2001-01-25,16104.58678237366,15.516044536674425,0.05806404883221093,1.1920928955078125e-07,1.1920929e-07,1.1920929e-07,0.0,9.112942,-2.53,-6.45,1.39,207.82,388.57,3.552988015346846,1.9450552
2001-01-26,16104.585177861842,11.982083291010381,0.04721284502239558,1.1920928955078125e-07,1.1920929e-07,1.1920929e-07,0.0,9.119997,-1.81,-5.54,1.92,198.32,413.93,3.4124034420653833,1.8126693
2001-01-27,16104.58517784489,8.592562774670746,0.038376518632804994,1.1920928955078125e-07,1.1920929e-07,1.1920929e-07,0.0,9.126422,-0.025,-3.49,3.44,181.17,469.65,3.2827939728262603,1.6802833
2001-01-28,16104.556063765847,5.363925468812821,0.030214016560201104,0.20114941204814762,1.1920929e-07,1.1920929e-07,0.0,9.216,3.23,-1.08,7.54,223.81,564.62,3.163917045878397,1.6395491
2001-01-29,16108.382599867418,5.051634225623789,0.020420646693710204,1.1920928955078125e-07,16.109991,9.122194e-06,16.11,9.216,-1.595,-5.11,1.92,154.55,428.65,3.152649488999495,1.7312009
2001-01-30,16133.092659607233,1.9416570164924027,0.0069077941627147775,1.1920928955078125e-07,32.66,1.1920929e-07,32.66,9.312,-3.545,-5.11,-1.98,80.24,431.12,3.042607050755231,1.7821187
2001-01-31,16162.472634971908,-0.23774908861362098,1.1920928955078125e-07,1.1920928955078125e-07,21.729956,4.4684708e-05,21.73,9.312,-1.47,-2.65,-0.29,62.93,511.34,0.25198102610936535,2.0061564
2001-02-01,16171.65252878627,3.1659569205048355,0.015579347552172933,1.1920928955078125e-07,0.000118705626,7.0998816,7.1,9.408,0.94,-1.18,3.06,116.22,563.98,3.0854612898655436,1.8534034
2001-02-02,16177.843369875309,4.873368596120071,0.02058836573316633,1.1920928955078125e-07,17.279713,0.00028787614,17.28,9.408,-1.26,-3.91,1.39,134.9,470.76,3.146235614000958,2.3014789
2001-02-03,16192.454942205592,1.768613042327552,0.007341831682426479,1.1920928955078125e-07,11.959996,3.9207935e-06,11.96,9.504003,-1.655,-4.96,1.65,163.08,435.85,3.0365981331759713,2.0672576
2001-02-04,16218.769524822654,0.1403885509726419,0.0005091335528799767,1.1920928955078125e-07,38.126785,2.2032177,40.33,9.504003,-0.445,-2.87,1.98,127.14,502.8,2.392854485667238,9.175365
2001-02-05,16246.906670863058,-0.31572081141213365,1.1920928955078125e-07,1.1920928955078125e-07,15.76,1.1920929e-07,15.76,9.592944,-3.65,-6.85,-0.45,170.56,384.04,0.12100227257189189,6.548013
2001-02-06,16257.330621474706,-0.3960896457022846,1.1920928955078125e-07,1.1920928955078125e-07,5.69,1.1920929e-07,5.69,9.6,-5.165,-8.4,-1.93,180.95,339.98,0.05536790758982012,4.5927744
2001-02-07,16259.721373770124,-0.44051329568164616,1.1920928955078125e-07,1.1920928955078125e-07,1.1920929e-07,1.1920929e-07,0.0,9.688945,-6.93,-11.74,-2.12,290.7,257.46,0.03572971100718537,3.523503
2001-02-08,16263.376249077337,-0.4713407300021692,1.1920928955078125e-07,1.1920928955078125e-07,5.45,1.1920929e-07,5.45,9.696003,-5.295,-8.52,-2.07,182.05,327.28,0.02632614192428425,3.1263454
2001-02-09,16266.171905720892,-0.4947874213775045,1.1920928955078125e-07,1.1920928955078125e-07,1.1920929e-07,1.1920929e-07,0.0,9.784947,-3.59,-6.29,-0.89,213.74,389.79,0.02085697402417588,2.7902887
2001-02-10,16266.583558044405,-0.5139164454491081,1.1920928955078125e-07,1.1920928955078125e-07,1.1920929e-07,1.1920929e-07,0.0,9.792003,-3.165,-7.05,0.72,267.41,362.89,0.017243022100329557,2.5051496
2001-02-11,16266.560862275874,-0.5299063897850207,1.1920928955078125e-07,1.1920928955078125e-07,1.1920929e-07,1.1920929e-07,0.0,9.887998,-2.54,-6.87,1.79,289.73,372.02,0.01470499264723544,2.281112
2001-02-12,16266.094565418238,-0.5435659773053114,1.1920928955078125e-07,1.1920928955078125e-07,1.1920929e-07,1.1920929e-07,0.0,9.887998,-2.345,-7.36,2.67,308.45,354.26,0.012833643095491773,2.0774412
2001-02-13,16264.621912260589,-0.5553197466386047,1.1920928955078125e-07,1.1920928955078125e-07,1.1920929e-07,1.1920929e-07,0.0,9.984,-0.77,-6.24,4.7,321.25,387.04,0.011414442629414677,1.9450552
2001-02-14,16264.567764901818,-0.5656219256340269,1.1920928955078125e-07,1.1920928955078125e-07,1.1920929e-07,1.1920929e-07,0.0,9.984,1.525,-3.5,6.55,312.32,470.18,0.010299732401008434,1.883954
2001-02-15,16268.610211529636,-0.5749443557109196,1.1920928955078125e-07,1.1920928955078125e-07,7.98,2.3782253e-07,7.98,10.08,-1.995,-5.28,1.29,192.7,422.7,0.009384855134671204,1.8534034
2001-02-16,16279.340694418332,-0.583740958786166,1.1920928955078125e-07,1.1920928955078125e-07,14.179883,0.00011748195,14.18,10.08,-1.33,-3.17,0.51,121.4,493.04,0.00859600929385692,2.036707
2001-02-17,16284.4465069058,2.1340889765278246,0.011973686020947668,1.1920928955078125e-07,1.1920929e-07,3.93,3.93,10.176,1.71,-1.46,4.88,203.53,552.62,3.0493031284042447,1.8534034
2001-02-18,16284.450455719581,3.8449350815584795,0.019765914749350307,1.1920928955078125e-07,0.014205027,5.445795,5.46,10.176,0.435,-3.28,4.15,208.28,488.65,3.109487245405848,1.8737705
2001-02-19,16284.45178120987,3.289625850262108,0.018510741141687614,1.1920928955078125e-07,1.1920929e-07,1.1920929e-07,0.0,10.272,1.615,-2.4,5.63,281.22,515.02,3.08982350278301,1.7515681
2001-02-20,16284.45219616735,0.059492926389634465,0.00022398044672836034,1.1920928955078125e-07,1.1920929e-07,1.1920929e-07,0.0,10.278422,2.155,-1.72,6.03,267.23,543.98,1.9192321007759798,1.6802833
2001-02-21,16284.45784043927,0.15065378608720362,0.0007380735025936772,1.1920928955078125e-07,1.1920929e-07,2.71,2.71,10.367997,2.385,-1.1,5.87,206.19,565.81,2.440079134855814,1.6700997
2001-02-22,16284.459012170575,-0.19446373454563173,1.1920928955078125e-07,1.1920928955078125e-07,1.1920929e-07,1.1920929e-07,0.0,10.464,0.23,-4.13,4.59,310.9,460.06,0.3715706341677486,1.6599163
2001-02-23,16284.459012494357,-0.3562259599811679,1.1920928955078125e-07,1.1920928955078125e-07,1.1920929e-07,1.1920929e-07,0.0,10.464,-0.505,-5.06,4.05,324.85,430.72,0.08177567239095897,1.6089985
2001-02-24,16284.459012494357,-0.4166001549576696,1.1920928955078125e-07,1.1920928955078125e-07,1.1920929e-07,1.1920929e-07,0.0,10.560002,-1.875,-5.35,1.6,273.69,419.47,0.0452468298127838,1.5886315
2001-02-25,16284.459007463485,-0.4541607721345444,1.1920928955078125e-07,1.1920928955078125e-07,1.1920929e-07,1.1920929e-07,0.0,10.560002,-1.31,-6.83,4.21,358.73,373.45,0.031214805415414045,1.4969797
2001-02-26,16284.45893510937,-0.48151054807079063,1.1920928955078125e-07,1.1920928955078125e-07,1.1920929e-07,1.1920929e-07,0.0,10.655997,-0.11,-5.71,5.49,357.37,402.93,0.02379816570795773,1.425695
2001-02-27,16284.451145774077,-0.4951174961486839,1.1920928955078125e-07,0.12315248118332178,1.1920929e-07,1.1920929e-07,0.0,10.655997,2.99,-2.72,8.7,357.96,501.75,0.02078864837361391,1.4155114
2001-02-28,16284.195133396075,-0.30555532851535516,1.1920928955078125e-07,0.164184104382457,1.1920929e-07,1.1920929e-07,0.0,10.752,3.115,-2.5,8.73,349.44,513.7,0.1333828096944601,1.4664291
2001-03-01,16284.179170561601,1.232332961844673,0.006795506972916393,1.1920928955078125e-07,0.0075851833,7.1524143,7.16,10.848,0.525,-4.34,5.39,259.58,451.66,3.018037989937838,1.7006503
2001-03-02,16291.476303478761,0.10424398185534962,0.00034673887400261873,1.1920928955078125e-07,10.07,1.1920929e-07,10.07,10.848,-2.39,-6.94,2.16,254.24,379.42,2.202736188539604,1.7617515
2001-03-03,16296.571261911497,-0.32569356479325373,1.1920928955078125e-07,1.1920928955078125e-07,1.1920929e-07,1.1920929e-07,0.0,10.9439945,-4.225,-8.73,0.28,340.91,327.95,0.10993054268160546,1.6089985
2001-03-04,16296.328199249045,-0.40066034162094927,1.1920928955078125e-07,1.1920928955078125e-07,0.07999999,1.1920929e-07,0.08,10.9439945,-1.75,-6.36,2.86,336.46,387.71,0.052935614346069394,1.5580809
2001-03-05,16296.32544583358,0.24279181571137504,0.0016374834803985767,0.5989272594451904,1.1920929e-07,2.83,2.83,11.04,4.485,0.37,8.6,257.66,629.64,2.7422074518407884,1.6497327
2001-03-06,16295.2813742455,0.06712834094444609,0.0003884694890249425,1.4381240606307983,1.1920929e-07,1.1920929e-07,0.0,11.046422,7.135,1.93,12.34,341.63,709.53,1.9709068925161075,1.7312009
2001-03-07,16293.482788678673,0.04389082001814986,0.0002635965994441801,1.9954774379730225,1.1920929e-07,1.1920929e-07,0.0,11.136003,8.895,3.3,14.49,351.78,778.39,1.810227089283577,1.9043211
2001-03-08,16292.338342826657,3.4274429250349443,0.02293395521277076,0.07535003784405792,1.1920929e-07,9.17,9.17,11.2319975,2.85,-2.17,7.87,268.08,536.85,3.094692034020155,2.4644156
2001-03-09,16294.753735797158,5.2069780072666285,0.026207513003974604,1.1920928955078125e-07,5.589931,6.897032e-05,5.59,11.2319975,-1.29,-4.35,1.77,199.02,458.05,3.1582493121730764,2.545884
2001-03-10,16298.589185025181,2.0867314822518788,0.010295902355330764,1.1920928955078125e-07,2.1699996,4.526973e-07,2.17,11.328,-1.695,-4.02,0.63,197.83,465.78,3.047653859630661,2.2709284
2001-03-11,16301.189407060074,-0.19905916260989434,1.1920928955078125e-07,1.1920928955078125e-07,3.5499935,6.2420963e-06,3.55,11.328,-1.485,-3.99,1.02,165.74,466.43,0.3568689424806726,2.0876248
2001-03-12,16302.583411704418,-0.23778483195626965,1.1920928955078125e-07,1.1920928955078125e-07,1.1920929e-07,1.1920929e-07,0.0,11.424,0.75,-2.45,3.95,277.1,522.02,0.25189851615611775,2.0061564
2001-03-13,16305.352392121413,-0.17136913154968525,1.1920928955078125e-07,1.1920928955078125e-07,8.3261795,0.013820451,8.34,11.520002,-0.8,-2.83,1.23,144.61,513.06,0.45348220259117034,2.2403777
2001-03-14,16314.695782340941,-0.35142914525877994,1.1920928955078125e-07,1.1920928955078125e-07,9.91,2.95341e-07,9.91,11.520002,-2.135,-4.95,0.68,201.72,437.77,0.0856824378599259,2.2607448
2001-03-15,16324.20577676889,-0.4139346650597095,1.1920928955078125e-07,1.1920928955078125e-07,9.03,1.1920929e-07,9.03,11.615997,-2.305,-4.24,-0.37,144.33,460.44,0.046451342011096734,2.3014789
2001-03-16,16334.976271612673,-0.4523488880374233,1.1920928955078125e-07,1.1920928955078125e-07,12.7,1.1920929e-07,12.7,11.615997,-2.96,-4.84,-1.08,145.04,441.24,0.03178006761975423,2.2200108
2001-03-17,16344.197223562094,-0.48057082437182874,1.1920928955078125e-07,1.1920928955078125e-07,5.629927,7.315516e-05,5.63,11.711994,-1.285,-4.03,1.46,221.7,468.17,0.024021290970477633,2.0774412
2001-03-18,16347.654055249342,9.165271680848264,0.05848008177218396,1.1920928955078125e-07,3.5479663e-06,23.809998,23.81,11.808002,1.415,-1.03,3.86,181.67,576.05,3.304342539585965,3.7271738
2001-03-19,16356.38062746845,17.752136055556747,0.09246146959786988,1.1920928955078125e-07,16.18998,2.1229984e-05,16.19,11.808002,-1.515,-5.66,2.63,284.5,417.25,3.644918917838986,7.047006
2001-03-20,16363.988974220225,14.100809404928741,0.08152089579541115,1.1920928955078125e-07,1.1920929e-07,1.1920929e-07,0.0,11.903997,-0.135,-5.88,5.61,444.62,402.97,3.4960062843227275,4.8066287
2001-03-21,16363.652015544663,10.59453384931214,0.07032318342746649,1.1920928955078125e-07,1.1920929e-07,1.1920929e-07,0.0,11.903997,1.875,-4.61,8.36,458.81,436.61,3.3587385043360474,3.8595598
2001-03-22,16363.340671566479,7.541756504405503,0.06325859153986114,0.8380190134048462,1.1920929e-07,1.1920929e-07,0.0,12.000006,5.24,0.66,9.82,369.97,639.72,3.2436214544566426,3.391117
2001-03-23,16361.907031597482,5.70753485538821,0.06171173830536981,2.0334787368774414,1.1920929e-07,1.1920929e-07,0.0,12.096,9.015,2.61,15.42,449.29,732.47,3.1763611062868904,3.1874466
2001-03-24,16359.710676666667,8.467830266923656,0.09085481446911767,1.9954774379730225,1.1920929e-07,8.33,8.33,12.096,8.895,3.71,14.08,292.98,800.97,3.2781194936624436,3.7169902
2001-03-25,16358.831264387281,17.577280372760452,0.11699459208645464,1.1920928955078125e-07,8.690357e-07,14.579999,14.58,12.192,1.565,-1.59,4.72,218.44,561.64,3.6376452533388615,6.354526
2001-03-26,16364.494390405871,21.503817189427682,0.1188468878480891,1.1920928955078125e-07,12.039225,0.0007746923,12.04,12.192,-1.125,-4.96,2.71,276.81,440.4,3.8045337138147692,5.70278
2001-03-27,16377.382875960308,17.67786241579622,0.09234438770759248,1.1920928955078125e-07,14.06,4.1902067e-07,14.06,12.288,-2.04,-5.48,1.4,261.31,419.0,3.6418275002391574,5.1121345
2001-03-28,16392.982965253563,14.789422241719214,0.08842683493727763,1.1920928955078125e-07,12.026371,6.5936294,18.62,12.383997,-0.22,-2.74,2.3,200.8,509.08,3.5236168949902384,5.804615
2001-03-29,16404.35491821945,12.509347267993896,0.0680695511562972,1.1920928955078125e-07,6.3999953,4.7683716e-06,6.4,12.383997,-1.57,-4.92,1.78,266.78,440.57,3.433020013570808,4.755711
2001-03-30,16409.017392487043,12.544026247970418,0.07949659539306105,1.1920928955078125e-07,0.012884668,10.457116,10.47,12.48,0.51,-3.34,4.36,296.4,493.61,3.434380355282249,4.2465343
2001-03-31,16409.042114197942,22.763202669334227,0.14144961108448462,1.1920928955078125e-07,0.34351045,16.12649,16.47,12.48,0.225,-3.12,3.57,270.5,505.25,3.8596661713197773,5.987919
2001-04-01,16420.939124200828,21.94034894511151,0.11841741984258806,1.1920928955078125e-07,13.19,3.9309262e-07,13.19,12.575997,-1.905,-5.17,1.36,272.71,434.61,3.8235541278180514,6.04902
2001-04-02,16432.06871604836,18.098209780083593,0.08783956769374206,1.1920928955078125e-07,9.14,1.1920929e-07,9.14,12.672003,-3.51,-6.16,-0.86,225.13,398.49,3.6593578348151654,5.234337
2001-04-03,16440.277162294893,14.43520636301237,0.07353613437125368,1.1920928955078125e-07,7.43,1.1920929e-07,7.43,12.672003,-2.83,-6.64,0.98,313.69,386.09,3.5093871329580546,4.470572
2001-04-04,16443.455610314373,10.926783570258001,0.06359765805519325,1.1920928955078125e-07,1.1920929e-07,1.1920929e-07,0.0,12.768,-1.045,-6.11,4.02,486.4,395.92,3.3715112605477584,3.879927
2001-04-05,16445.914501426767,8.937815084979862,0.05534572985482487,1.1920928955078125e-07,4.0727286,4.2772717,8.35,12.768,-0.155,-3.32,3.01,255.83,485.97,3.2957674473181284,3.615155
2001-04-06,16456.051755239696,6.275025653966517,0.03401436854223042,1.1920928955078125e-07,12.41,1.1920929e-07,12.41,12.863997,-2.165,-5.44,1.11,292.86,422.77,3.1970204518727403,3.5947878
2001-04-07,16466.110950336104,3.110856611304089,0.016090624116644237,1.1920928955078125e-07,7.64,1.1920929e-07,7.64,12.953581,-2.925,-6.74,0.89,328.15,385.98,3.0835197031501056,3.217997
2001-04-08,16474.390988831623,0.10605347707457989,0.000429137102734268,1.1920928955078125e-07,9.0,1.1920929e-07,9.0,12.960006,-2.2,-5.45,1.05,297.05,422.45,2.213127124693634,3.044877
2001-04-09,16483.199786945064,-0.32568759180253837,1.1920928955078125e-07,1.1920928955078125e-07,8.769986,1.4636517e-05,8.77,13.056003,-1.49,-4.99,2.01,308.9,433.16,0.10993687303673216,2.8310227
2001-04-10,16497.59389920654,-0.400829315448571,1.1920928955078125e-07,1.1920928955078125e-07,21.299997,1.2695789e-06,21.3,13.056003,-1.83,-4.35,0.69,239.28,456.47,0.052847734946821,3.2587311
2001-04-11,16521.629777205188,-0.443422309219745,1.1920928955078125e-07,1.1920928955078125e-07,25.1369,0.0030988168,25.14,13.152002,-1.06,-5.3,3.18,352.85,421.22,0.03471615887498043,3.3605666
2001-04-12,16537.318212682134,-0.4731178352772062,1.1920928955078125e-07,1.1920928955078125e-07,5.94,1.770258e-07,5.94,13.152002,-1.905,-5.17,1.36,281.6,425.42,0.025865958439948405,3.0143263
2001-04-13,16544.478481968305,-0.4962910640556981,1.1920928955078125e-07,1.1920928955078125e-07,6.85,2.041459e-07,6.85,13.248003,-2.11,-6.32,2.1,351.66,398.31,0.02054751419024993,2.759738
2001-04-14,16549.42963048569,-0.5150183190225326,1.1920928955078125e-07,1.1920928955078125e-07,2.84,1.1920929e-07,2.84,13.343994,-2.63,-7.96,2.7,446.9,351.21,0.017054943336050895,2.606985
2001-04-15,16550.433316784438,-0.3604134121733854,1.1920928955078125e-07,0.04258580024608438,1.1920929e-07,1.1920929e-07,0.0,13.343994,2.755,-2.68,8.19,524.69,508.89,0.07850714274368299,2.5153332
2001-04-16,16549.786334743978,1.3720153142215177,0.01319513176023854,0.9504397511482239,1.1920929e-07,6.18,6.18,13.440002,5.595,-1.02,12.21,438.03,578.98,3.0228679411844883,2.8310227
2001-04-17,16549.15895447844,6.532517802071676,0.05466336704712131,0.28855096760121235,1.1920929e-07,8.12,8.12,13.440002,3.505,-1.27,8.28,355.98,576.0,3.2064386463732704,4.5927744
2001-04-18,16549.09501364483,9.664666203668371,0.07220378241027735,1.1920928955078125e-07,1.335144e-07,4.48,4.48,13.536,1.725,-2.49,5.94,338.52,526.18,3.323248015100611,4.1752496
2001-04-19,16549.094911043758,8.469969419626956,0.06195243711754256,1.1920928955078125e-07,1.1920929e-07,0.06999999,0.07,13.536,1.415,-3.92,6.75,519.05,472.97,3.278199604488228,3.920661
2001-04-20,16549.09494223093,5.620646417381513,0.042738319426226544,1.1920928955078125e-07,1.1920929e-07,1.31,1.31,13.631997,1.88,-2.27,6.03,409.89,524.85,3.173209763346296,3.523503
2001-04-21,16549.086002307435,3.0008329137833,0.024513433193508995,0.07186894661859711,1.1920929e-07,1.1920929e-07,0.0,13.721575,2.84,-1.38,7.06,432.54,557.22,3.079646418713609,3.2994654
2001-04-22,16549.07211720599,2.6698094381293465,0.019542324248448352,1.1920928955078125e-07,6.505251e-06,6.4199934,6.42,13.728,1.22,-3.25,5.69,351.79,490.76,3.068022352494979,3.2587311
2001-04-23,16549.072096904536,11.432873993481467,0.08924474168220986,1.1920928955078125e-07,1.1920929e-07,17.19,17.19,13.824003,2.06,-0.44,4.56,230.27,603.97,3.3910604218088953,4.1548824
2001-04-24,16548.55096836562,17.241703043229137,0.18030291657370298,1.218032717704773,1.1920929e-07,1.1920929e-07,0.0,13.824003,6.44,2.44,10.44,434.36,734.79,3.6237265079082754,4.4196544
2001-04-25,16546.584454699383,15.42799431161254,0.21965614304846562,2.704836130142212,1.1920929e-07,1.1920929e-07,0.0,13.919997,11.135,4.61,17.66,543.25,853.35,3.549415902756267,5.56021
2001-04-26,16543.67723464511,14.580357300745467,0.20628372430718447,2.673168182373047,1.1920929e-07,1.1920929e-07,0.0,13.919997,11.035,4.62,17.45,533.25,854.32,3.515211256574256,7.74967
2001-04-27,16541.686845912798,12.901732125666838,0.1386403615600295,1.2829515933990479,1.1920929e-07,1.1920929e-07,0.0,14.016,6.645,1.39,11.9,509.75,685.06,3.4484434681827056,8.58472
2001-04-28,16541.206006264394,13.489698437105815,0.10596649281157033,1.1920928955078125e-07,1.1920929e-07,8.42,8.42,14.016,1.95,-2.79,6.69,369.32,518.29,3.4716844392542083,8.014442
2001-04-29,16541.206042631908,19.695433704402383,0.14368997003344347,1.1920928955078125e-07,0.0010347874,11.308966,11.31,14.111995,0.77,-2.74,4.28,308.09,515.63,3.726742065239488,6.3647094
2001-04-30,16548.82558771321,31.515846243871675,0.21154636001203964,1.1920928955078125e-07,32.062366,2.047634,34.11,14.111995,-0.435,-2.63,1.76,200.12,520.85,4.265550123159883,9.633624
2001-05-01,16579.381663812845,27.3696019521343,0.1789458968418537,1.1920928955078125e-07,26.885145,0.014855176,26.9,14.208003,-0.91,-3.37,1.55,229.74,491.67,4.06821504379368,8.197745
2001-05-02,16594.834812137164,30.342906893571723,0.22096661016548882,1.1920928955078125e-07,0.005814491,18.204185,18.21,14.208003,0.645,-3.96,5.25,375.22,471.56,4.208774294420756,6.252691
2001-05-03,16594.58334032724,34.45505855556127,0.34018059890364793,0.777850329875946,1.1920929e-07,1.1920929e-07,0.0,14.304003,5.05,-0.94,11.04,549.55,573.32,4.41120902696942,5.6416783
2001-05-04,16593.845310691428,30.235401250056828,0.2828080659633468,0.5181742288858544,1.1920929e-07,1.1920929e-07,0.0,14.311055,4.23,-1.93,10.39,558.69,542.99,4.203608470825713,5.366723
2001-05-05,16593.686041401277,26.98160690848706,0.2094482000714342,1.1920928955078125e-07,3.4421683e-07,1.6499996,1.65,14.4,1.38,-4.05,6.81,505.91,470.03,4.050222719486411,5.712963
2001-05-06,16593.703765264538,23.625965339831087,0.19220211741271515,1.1920928955078125e-07,1.1920929e-07,0.03,0.03,14.407056,2.06,-3.67,7.79,536.31,473.77,3.897896007195819,4.8677297
2001-05-07,16592.640152074913,20.64400539476751,0.27251198657222314,2.1253154277801514,1.1920929e-07,1.1920929e-07,0.0,14.496,9.305,2.41,16.2,560.01,725.79,3.7673465563510495,4.6131415
2001-05-08,16590.77524391227,18.538858850596814,0.21685802921752165,1.5315438508987427,1.1920929e-07,1.1920929e-07,0.0,14.496,7.43,1.05,13.81,548.57,666.2,3.677825442790128,5.010299
2001-05-09,16589.686166154337,15.81873707009973,0.15582086146584304,0.6717631816864014,1.1920929e-07,1.1920929e-07,0.0,14.592003,4.715,-1.03,10.46,530.94,577.32,3.5652954032615027,5.1325016
2001-05-10,16589.126630678747,12.738138766628474,0.1253506315291784,0.6670129299163818,1.1920929e-07,1.1920929e-07,0.0,14.592003,4.7,-1.9,11.3,560.32,540.86,3.4420047064826598,4.7658944
2001-05-11,16587.40232232677,10.920234105168756,0.16691856951665662,2.7919225692749023,1.1920929e-07,1.1920929e-07,0.0,14.688,11.41,5.37,17.45,508.4,904.61,3.3712590091783037,4.928831
2001-05-12,16584.473840531224,10.322134772884072,0.1563441640793883,2.746004343032837,1.1920929e-07,1.1920929e-07,0.0,14.688,11.265,4.61,17.92,530.87,854.54,3.3483027080377425,6.425811
2001-05-13,16582.33436132414,9.002250040843348,0.10750052577665761,1.5362941026687622,1.1920929e-07,1.1920929e-07,0.0,14.784,7.445,1.33,13.56,529.94,694.06,3.298194377497994,6.853519
2001-05-14,16581.387454855605,15.521232749137896,0.14567515197685105,0.38041706068658243,1.1920929e-07,20.16,20.16,14.784,3.795,-0.06,7.65,296.86,633.38,3.5531986082343576,7.556183
2001-05-15,16581.289971604107,36.51210112636056,0.31509518029803396,1.1920928955078125e-07,1.1920929e-07,26.22,26.22,14.873578,2.46,-0.79,5.71,268.85,599.01,4.5160987991898365,9.063346
2001-05-16,16581.293684016902,51.858981987918746,0.43514032152172505,1.1920928955078125e-07,1.1920929e-07,15.19,15.19,14.88,2.04,-1.74,5.82,304.2,558.31,5.3815247808294915,9.541972
2001-05-17,16581.293999257894,55.65260606084008,0.4621320497174086,1.1920928955078125e-07,1.1920929e-07,4.65,4.65,14.887058,1.88,-2.03,5.79,313.48,539.58,5.619879518183055,6.9349875
2001-05-18,16581.2991237239,53.68614468778708,0.45569650102695886,1.1920928955078125e-07,1.1920929e-07,4.62,4.62,14.975997,2.115,-1.29,5.52,278.84,571.29,5.495036949140783,5.5296597
2001-05-19,16581.15978218007,49.95320297763171,0.48278043589087827,0.4580052397225103,1.1920929e-07,1.1920929e-07,0.0,14.975997,4.04,-0.45,8.53,457.87,598.45,5.2656261953463135,4.7862616
2001-05-20,16580.762511800258,44.8115667064323,0.4395214248597336,0.49759015469667744,1.1920929e-07,1.1920929e-07,0.0,15.071998,4.165,-1.4,9.73,525.11,562.43,4.965241154183467,4.5214896
2001-05-21,16579.210810073007,40.991683275363975,0.6232132956362441,2.635166883468628,1.1920929e-07,1.1920929e-07,0.0,15.071998,10.915,4.14,17.69,553.51,811.07,4.753225329498382,4.928831
2001-05-22,16575.345968041114,39.37663130515642,0.9482473248490909,5.015002250671387,1.1920929e-07,1.1920929e-07,0.0,15.071998,18.43,11.63,25.23,520.43,1370.33,4.66633049817158,7.74967
2001-05-23,16570.19775902681,38.90010558811708,0.9121265100485223,4.839245796203613,1.1920929e-07,1.1920929e-07,0.0,15.168,17.875,11.2,24.55,492.2,1336.33,4.6409967416238915,11.201889
2001-05-24,16566.020168861927,37.668532084831,0.6946398059007318,3.5836174488067627,1.1920929e-07,1.1920929e-07,0.0,15.168,13.91,6.52,21.3,557.26,979.16,4.576157286622095,10.794547
2001-05-25,16562.761059136243,35.762538836672995,0.5984421664256757,3.0848495960235596,1.1920929e-07,1.1920929e-07,0.0,15.175058,12.335,6.39,18.28,481.01,952.22,4.47759244620831,9.776194
2001-05-26,16559.483296433387,34.00166631298664,0.6158029816419887,3.4585299491882324,1.1920929e-07,1.1920929e-07,0.0,15.263997,13.515,7.99,19.04,449.45,1079.11,4.388419945903557,8.951327
2001-05-27,16556.30120377761,32.25072451407662,0.5022360861375875,2.692168951034546,1.1920929e-07,1.1920929e-07,0.0,15.263997,11.095,4.09,18.1,556.44,829.17,4.30151131480701,7.7293034
2001-05-28,16554.716076791716,31.145504294125118,0.30869012390031947,0.48492297889635694,1.1920929e-07,4.15,4.15,15.271052,4.125,-0.2,8.45,323.38,629.87,4.247541566364327,6.527646
2001-05-29,16554.526860479244,28.6453270598542,0.267567969561083,0.17709886911221506,1.1920929e-07,1.1920929e-07,0.0,15.359997,3.155,-2.14,8.45,496.28,539.77,4.127939041292446,5.0408497
2001-05-30,16553.859001742992,25.000775173052777,0.29538077275747326,1.2987855672836304,1.1920929e-07,1.1920929e-07,0.0,15.359997,6.695,1.08,12.31,496.63,672.08,3.9595991324498323,4.185433
2001-05-31,16551.15019793637,23.39724175544422,0.4483527454617779,3.7166223526000977,1.1920929e-07,1.1920929e-07,0.0,15.359997,14.33,7.82,20.84,513.2,1066.28,3.8877243138164705,5.366723
2001-06-01,16548.126176017162,27.861111050627734,0.3873602747964682,2.066729784011841,1.1920929e-07,12.25,12.25,15.449575,9.12,1.41,16.83,423.42,701.65,4.091122383288037,7.2812276
2001-06-02,16547.19923876062,37.304604747425095,0.32813189625314415,1.1920928955078125e-07,1.1920929e-07,12.96,12.96,15.456,2.175,-1.28,5.63,261.43,575.61,4.5571713303458035,6.873886
2001-06-03,16547.19551226423,43.157320610594766,0.35238780317967405,1.1920928955078125e-07,3.3398865e-05,8.489966,8.49,15.456,1.085,-1.55,3.72,203.42,564.85,4.872288332359257,5.9471846
2001-06-04,16547.195518024346,41.692082715700344,0.36066296058870734,1.1920928955078125e-07,1.1920929e-07,0.03,0.03,15.456,1.93,-1.12,4.98,312.69,582.76,4.79141027401559,4.562224
2001-06-05,16547.135538436676,40.26985862988043,0.3856366263332304,0.25048970767657863,1.1920929e-07,8.16,8.16,15.505464,3.385,1.17,5.6,170.8,684.43,4.714190701463809,3.9817622
2001-06-06,16546.582502911282,46.19189726672849,0.5081458328768089,0.8950211405754089,1.1920929e-07,12.37,12.37,15.552,5.42,1.59,9.25,298.11,709.18,5.044158317177978,4.969565
2001-06-07,16545.06430856727,47.89000720232051,0.6856362564539391,2.1791505813598633,1.1920929e-07,1.1920929e-07,0.0,15.552,9.475,3.64,15.31,521.94,810.17,5.1429665543578365,4.9186473
2001-06-08,16542.621480740636,47.576522416344126,0.7178752112325505,2.4404098987579346,1.1920929e-07,6.76,6.76,15.552,10.3,4.95,15.65,369.49,890.72,5.124581197083424,5.4176407
2001-06-09,16540.787194265227,54.7731121209205,0.6462832030828077,1.2322832345962524,1.1920929e-07,15.87,15.87,15.552,6.485,1.56,11.41,355.19,705.92,5.56369725119842,7.708936
2001-06-10,16539.88709536094,62.092136776573064,0.6384182930540339,0.5704261660575867,1.1920929e-07,9.77,9.77,15.559052,4.395,0.09,8.7,332.49,635.59,6.048895041010741,6.5378294
2001-06-11,16539.633447560293,74.12893102991936,0.667529408688378,1.1920928955078125e-07,1.1920929e-07,28.23,28.23,15.641572,2.345,-0.95,5.64,275.01,594.93,6.940572860092289,8.829125
2001-06-12,16539.633473111735,96.20471578204173,0.7729279589477509,1.1920928955078125e-07,0.007722147,31.042278,31.05,15.647997,0.67,-1.99,3.33,231.22,547.16,8.931449880892506,11.100053
2001-06-13,16539.481777692217,112.49217100785664,1.1950156873365831,0.6986808180809021,1.1920929e-07,21.27,21.27,15.647997,4.8,-0.02,9.62,365.55,632.41,10.7579726226367,10.387206
2001-06-14,16538.53118861353,110.74410281270848,1.280288521863449,1.104028582572937,1.1920929e-07,1.1920929e-07,0.0,15.647997,6.08,1.58,10.58,457.13,704.49,10.545267019971085,8.656005
2001-06-15,16537.45473876218,100.67768064194617,1.1524870276227903,1.0565268993377686,1.1920929e-07,1.1920929e-07,0.0,15.647997,5.93,1.57,10.29,452.9,706.57,9.399702379331396,7.2710443
2001-06-16,16536.448486404002,91.65410159013976,1.0669277254583482,1.137279748916626,1.1920929e-07,1.1920929e-07,0.0,15.647997,6.185,0.73,11.64,517.18,657.76,8.47899890759999,6.3850765
2001-06-17,16535.494534131303,83.5047919460259,0.9480686269809034,1.0169421434402466,1.1920929e-07,1.1920929e-07,0.0,15.647997,5.805,0.62,10.99,501.54,662.89,7.725251909412605,5.539843
2001-06-18,16534.36793794245,76.28078492417868,0.9059103812454936,1.233866572380066,1.1920929e-07,1.1920929e-07,0.0,15.647997,6.49,0.67,12.31,530.49,660.25,7.113306316698671,5.061217
2001-06-19,16532.384238424638,70.37626795730904,1.132412235063771,2.7317538261413574,1.1920929e-07,1.1920929e-07,0.0,15.647997,11.22,4.75,17.69,538.25,862.95,6.649314591370066,5.091768
2001-06-20,16529.029169641857,66.01164598655859,1.337288988633822,3.908212661743164,1.1920929e-07,1.1920929e-07,0.0,15.647997,14.935,9.49,20.38,456.12,1198.96,6.325899311808881,5.9471846
2001-06-21,16524.938164147014,62.55342588082491,1.2742111860942644,3.936713457107544,1.1920929e-07,1.1920929e-07,0.0,15.647997,15.025,8.68,21.37,507.55,1134.15,6.080855528870259,7.036823
2001-06-22,16521.738042571815,58.721739573061726,0.9040308140346583,2.5100791454315186,1.1920929e-07,1.1920929e-07,0.0,15.647997,10.52,4.45,16.59,533.79,864.64,5.820418106993409,7.2404933
2001-06-23,16519.700360385777,54.28646395338712,0.6951148403770052,1.5996296405792236,1.1920929e-07,1.1920929e-07,0.0,15.647997,7.645,1.38,13.91,546.43,701.39,5.53285179137666,6.527646
2001-06-24,16518.462564000693,53.030159315070414,0.5877491902363724,0.9013547301292419,1.1920929e-07,7.92,7.92,15.647997,5.44,1.41,9.47,317.88,703.41,5.454011077035535,5.539843
2001-06-25,16517.765451919095,56.908686776603744,0.5927977185412485,0.6052607893943787,1.1920929e-07,10.03,10.03,15.647997,4.505,0.05,8.96,344.38,635.15,5.701103367598194,4.664059
2001-06-26,16516.41989412578,59.47780769926007,0.8308720226403334,2.0271451473236084,1.1920929e-07,5.99,5.99,15.647997,8.995,3.68,14.31,379.75,817.73,5.870908804720666,4.266901
2001-06-27,16514.406526860494,65.03158485792184,0.8885474311987163,1.9178911447525024,1.1920929e-07,15.47,15.47,15.647997,8.65,5.05,12.25,279.3,893.88,6.255467995138015,8.482884
2001-06-28,16512.71460179718,76.14644283325488,0.9506276253531243,1.4761253595352173,1.1920929e-07,16.76,16.76,15.647997,7.255,3.57,10.94,297.33,813.19,7.102397698826131,11.201889
2001-06-29,16511.307745768947,77.24387918641092,0.9577585448197166,1.4428740739822388,1.1920929e-07,1.1920929e-07,0.0,15.647997,7.15,2.2,12.1,493.31,731.4,7.192002011720062,7.6274676
2001-06-30,16509.503672725692,71.11980963707795,1.0310621251390577,2.210818290710449,1.1920929e-07,1.1920929e-07,0.0,15.647997,9.575,3.37,15.78,552.06,793.65,6.706036043356347,6.4970956
2001-07-01,16507.18050068459,65.91989847769986,0.9988924056535697,2.4309096336364746,1.1920929e-07,1.1920929e-07,0.0,15.647997,10.27,4.75,15.79,522.53,874.26,6.31927244393122,6.22214
2001-07-02,16504.570165105266,61.377245202629524,1.0244053386881622,2.9312610626220703,1.1920929e-07,1.1920929e-07,0.0,15.601469,11.85,6.03,17.67,509.68,937.7,5.99969524085762,6.04902
2001-07-03,16500.81917001377,58.07611523970622,1.313935409600784,4.517817974090576,1.1920929e-07,1.1920929e-07,0.0,15.552,16.86,10.7,23.02,498.9,1295.92,5.7776467732040055,6.9044366
2001-07-04,16496.326287746862,55.5934275451499,1.1669930526123609,4.125136852264404,1.1920929e-07,1.1920929e-07,0.0,15.552,15.62,9.17,22.07,510.52,1173.61,5.616081442529757,8.157012
2001-07-05,16493.22567241395,52.23880248570426,0.7360370950149434,2.0999813079833984,1.1920929e-07,1.1920929e-07,0.0,15.552,9.225,2.85,15.6,520.21,770.49,5.404926385418812,7.23031
2001-07-06,16491.29680289051,48.202398579941914,0.6575172524572851,1.940058708190918,1.1920929e-07,1.1920929e-07,0.0,15.552,8.72,2.7,14.74,523.18,752.88,5.161353400872124,6.0286527
2001-07-07,16489.10823626366,44.67044071146503,0.6841391702025055,2.514829158782959,1.1920929e-07,1.1920929e-07,0.0,15.552,10.535,4.01,17.06,538.89,825.21,4.957242504928422,5.9268174
2001-07-08,16486.09558462115,42.07060735226052,0.7752195433477879,3.4806971549987793,1.1920929e-07,1.1920929e-07,0.0,15.463053,13.585,7.61,19.56,488.55,1051.56,4.81217452108414,7.1895757
2001-07-09,16482.219571600675,40.36456733153064,0.8604052921942119,4.237557888031006,1.1920929e-07,1.1920929e-07,0.0,15.456,15.975,10.18,21.77,461.98,1254.27,4.71929400415517,7.342329
2001-07-10,16477.761796829927,39.2499019944813,0.8825227914015787,4.517817974090576,1.1920929e-07,1.1920929e-07,0.0,15.456,16.86,10.38,23.34,494.7,1270.35,4.6595796621006915,7.311778
2001-07-11,16473.608705158345,37.96326868378869,0.7444655637887901,3.803708553314209,1.1920929e-07,1.1920929e-07,0.0,15.456,14.605,7.96,21.25,517.46,1086.24,4.591591542710127,7.159025
2001-07-12,16469.882933356326,36.42077827744792,0.6901396612153498,3.6564536094665527,1.1920929e-07,1.1920929e-07,0.0,15.367059,14.14,7.86,20.42,498.94,1076.5,4.5113897232406,7.0673733
2001-07-13,16466.484822760787,34.7082203601843,0.5913701641163599,3.114934206008911,1.1920929e-07,1.1920929e-07,0.0,15.359997,12.43,5.99,18.87,512.73,947.37,4.423985274666599,6.9757214
2001-07-14,16463.43109517137,32.81735775347076,0.537568164489305,2.9154269695281982,1.1920929e-07,1.1920929e-07,0.0,15.359997,11.8,5.65,17.95,499.41,921.67,4.329446326271004,6.446178
2001-07-15,16461.275917663002,30.252473905179365,0.3610342485757715,1.3494540452957153,1.1920929e-07,1.1920929e-07,0.0,15.353575,6.855,3.48,10.23,311.91,806.03,4.204428416374256,5.651862
2001-07-16,16460.56021871447,28.917555045334115,0.279374767760366,0.3661653645624483,1.1920929e-07,5.31,5.31,15.263997,3.75,1.83,5.67,143.31,721.91,4.140796669645316,5.254704
2001-07-17,16459.99653789922,31.094275029307145,0.3265183592401272,0.7620163559913635,1.1920929e-07,5.96,5.96,15.263997,5.0,2.64,7.36,173.02,764.66,4.2450564426326745,4.338186
2001-07-18,16459.036260116038,30.29007590022326,0.34538694834502426,1.1594473123550415,1.1920929e-07,1.1920929e-07,0.0,15.257575,6.255,3.52,8.99,268.69,810.81,4.206234885180832,4.012313
2001-07-19,16457.58996391066,27.17250402466642,0.34824045361609646,1.7563855648040771,1.1920929e-07,1.1920929e-07,0.0,15.168,8.14,4.51,11.77,339.94,855.76,4.059065141756294,3.7373574
2001-07-20,16455.608836489166,25.12548228840391,0.3483794495788243,2.1443159580230713,1.1920929e-07,0.79,0.79,15.168,9.365,5.47,13.26,363.0,916.95,3.9652442265392263,4.0835977
2001-07-21,16453.55220103693,27.3888386402098,0.3643425222437831,1.941642165184021,1.1920929e-07,8.12,8.12,15.161578,8.725,5.49,11.96,262.58,925.24,4.069109175013965,6.0592036
2001-07-22,16451.55075911438,28.938906368648023,0.39680723226897063,2.120565176010132,1.1920929e-07,1.1920929e-07,0.0,15.071998,9.29,5.9,12.68,347.33,951.52,4.141806808329785,6.609114
2001-07-23,16449.05959522477,26.926336032016273,0.4251312711120456,2.825173854827881,1.1920929e-07,1.1920929e-07,0.0,15.071998,11.515,5.99,17.04,494.56,954.31,4.047666150667766,6.7516837
2001-07-24,16446.250303023993,25.315228839634795,0.3932366408190392,2.7729220390319824,1.1920929e-07,1.1920929e-07,0.0,14.983053,11.35,6.19,16.51,472.97,977.89,3.973848891301652,6.7516837
2001-07-25,16443.44317061425,23.799839981500547,0.37325740540665475,2.8235905170440674,1.1920929e-07,1.1920929e-07,0.0,14.975997,11.51,5.35,17.67,516.54,916.81,3.905646284318753,6.435994
2001-07-26,16440.470314091996,22.523287089727415,0.3707970654986763,3.0690157413482666,1.1920929e-07,1.1920929e-07,0.0,14.975997,12.285,6.8,17.77,463.92,993.91,3.849102071251013,5.804615
2001-07-27,16437.361984049396,21.443625621759463,0.3519654920932216,3.086433172225952,1.1920929e-07,1.1920929e-07,0.0,14.88,12.34,6.72,17.96,483.83,991.35,3.8019185005117593,5.5296597
2001-07-28,16434.888020321745,28.66661611798643,0.3611120916147529,1.765885829925537,1.1920929e-07,17.92,17.92,14.88,8.17,3.71,12.63,315.0,825.24,4.128943106387409,7.4747148
2001-07-29,16433.511897179298,34.25891443549697,0.3764107715021353,1.132529616355896,1.1920929e-07,1.1920929e-07,0.0,14.784,6.17,2.19,10.15,396.64,749.11,4.4013356485744,4.888097
2001-07-30,16432.319810116987,30.77848466052334,0.3516122378981429,1.3209530115127563,1.1920929e-07,1.1920929e-07,0.0,14.784,6.765,2.28,11.25,433.57,747.58,4.229769573819756,4.165066
2001-07-31,16430.81435918292,27.781055720746693,0.3448180208522957,1.7405515909194946,1.1920929e-07,1.1920929e-07,0.0,14.737467,8.09,3.74,12.44,421.76,819.32,4.087382539358703,4.2363505
2001-08-01,16428.747912238436,25.464163870368598,0.35807291269283303,2.3739075660705566,1.1920929e-07,1.1920929e-07,0.0,14.688,10.09,4.88,15.3,460.73,870.49,3.980615905018589,4.541857
2001-08-02,16426.071766180205,23.83108682339924,0.3757049463033399,2.9502615928649902,1.1920929e-07,1.1920929e-07,0.0,14.681575,11.91,6.1,17.72,494.37,959.64,3.907040711657127,5.7944317
2001-08-03,16423.09310857166,22.561654743173108,0.3615664199341494,3.064265727996826,1.1920929e-07,1.1920929e-07,0.0,14.592003,12.27,7.87,16.67,410.59,1086.11,3.8507895533806136,7.647835
2001-08-04,16420.378198710896,21.122886368002256,0.3018078427712988,2.486328125,1.1920929e-07,1.1920929e-07,0.0,14.592003,10.445,5.6,15.29,451.13,940.11,3.7880132493631393,6.181406
2001-08-05,16417.739441489357,19.70577039707618,0.29895620235549875,2.8204236030578613,1.1920929e-07,1.1920929e-07,0.0,14.496,11.5,5.88,17.12,489.06,944.89,3.7271821698475867,4.8982806
2001-08-06,16414.645163557503,18.78615393757383,0.3196401853987989,3.403111219406128,1.1920929e-07,1.1920929e-07,0.0,14.496,13.34,8.55,18.13,429.77,1133.65,3.6882303819087094,8.167195
2001-08-07,16411.436561701797,18.018927277348578,0.2856785367656913,3.076932907104492,1.1920929e-07,1.1920929e-07,0.0,14.4,12.31,6.84,17.78,480.12,1018.66,3.656044960929249,8.09591
2001-08-08,16408.13836660623,17.38365796442426,0.30820048085699653,3.648536443710327,1.1920929e-07,1.1920929e-07,0.0,14.4,14.115,7.59,20.64,498.11,1047.0,3.6296078629075397,6.4665446
2001-08-09,16403.703782449847,17.82389137889136,0.41774104333552786,5.149590015411377,1.1920929e-07,1.1920929e-07,0.0,14.304003,18.855,13.02,24.69,448.18,1489.22,3.647908010282064,7.159025
2001-08-10,16398.36334554003,19.043518404140737,0.46445342370046966,5.363348007202148,1.1920929e-07,1.1920929e-07,0.0,14.304003,19.53,13.41,25.65,450.35,1547.74,3.6990902502336036,7.3728795
2001-08-11,16393.34206539283,19.899734474329072,0.4317621964192934,4.774326801300049,1.1920929e-07,1.1920929e-07,0.0,14.208003,17.67,12.49,22.85,399.84,1442.17,3.7354502087838646,6.5785637
2001-08-12,16388.318462604297,20.71066306470988,0.4871535402063317,5.2050089836120605,1.1920929e-07,1.1920929e-07,0.0,14.208003,19.03,11.86,26.2,499.18,1390.29,3.7702164803955114,8.401417
2001-08-13,16383.146471981407,21.60013300977132,0.49959768829932266,5.1511735916137695,1.1920929e-07,1.1920929e-07,0.0,14.111995,18.86,13.01,24.71,449.03,1490.96,3.808722202541548,9.379036
2001-08-14,16377.969124515677,22.43864381880844,0.5233043440232635,5.1955084800720215,1.1920929e-07,1.1920929e-07,0.0,14.111995,19.0,13.68,24.32,420.08,1568.26,3.8453819144784314,9.287384
2001-08-15,16372.789612199624,23.22595024380545,0.5311854970284428,5.127422332763672,1.1920929e-07,1.1920929e-07,0.0,14.016,18.785,11.75,25.82,493.41,1376.5,3.8801241004726004,9.888212
2001-08-16,16368.003787241143,23.61599501378756,0.46393706656527406,4.324644088745117,1.1920929e-07,1.1920929e-07,0.0,14.009578,16.25,9.64,22.86,478.02,1214.16,3.8974520570433375,10.590877
2001-08-17,16364.433775477468,22.901978156477256,0.3420068551204063,2.94551157951355,1.1920929e-07,1.1920929e-07,0.0,13.919997,11.895,7.02,16.77,415.0,1019.58,3.8657900438625523,8.890226
2001-08-18,16361.683894038219,21.49758040326135,0.2955067349184835,2.5607476234436035,1.1920929e-07,1.1920929e-07,0.0,13.831053,10.68,6.92,14.44,326.38,1009.47,3.804262653365799,6.0286527
2001-08-19,16359.364148694229,19.77802392685282,0.2475477662871841,2.0968143939971924,1.1920929e-07,1.1920929e-07,0.0,13.824003,9.215,4.61,13.82,385.84,856.29,3.7302599548097715,4.8473625
2001-08-20,16357.140446098085,18.067710248956672,0.2346075012292733,2.3137385845184326,1.1920929e-07,1.1920929e-07,0.0,13.728,9.9,3.79,16.01,466.6,812.63,3.6580830358027194,4.6946096
2001-08-21,16354.973846171062,16.392381167116568,0.20063775085663518,2.0208117961883545,1.1920929e-07,1.1920929e-07,0.0,13.728,8.975,5.18,12.77,313.46,891.76,3.5887366764352646,4.8473625
2001-08-22,16353.048928368638,30.20086778550837,0.3531717760390351,1.830804705619812,1.1920929e-07,32.02,32.02,13.631997,8.375,6.13,10.62,155.3,970.44,4.2019504267206464,10.794547
2001-08-23,16351.525159067836,55.067975500440966,0.5676820120572572,1.21644926071167,1.1920929e-07,22.15,22.15,13.631997,6.435,3.96,8.91,173.87,840.62,5.582470322700027,9.725276
2001-08-24,16350.162651295974,59.45801871865064,0.6747673982367647,1.7183841466903687,1.1920929e-07,1.1920929e-07,0.0,13.536,8.02,3.7,12.34,385.65,821.34,5.869581718922751,5.611128
2001-08-25,16347.757086697486,55.385163657676785,0.8246383348479359,3.0721826553344727,1.1920929e-07,1.1920929e-07,0.0,13.536,12.295,5.82,18.77,472.55,924.86,5.602735471907677,4.643692
2001-08-26,16344.267066484015,52.50023935108131,0.8802876857952662,3.7166223526000977,1.1920929e-07,1.1920929e-07,0.0,13.440002,14.33,9.22,19.44,375.6,1177.91,5.421093207232578,5.8147984
2001-08-27,16340.748728733988,49.854918810839955,0.7719608162706889,3.3445255756378174,1.1920929e-07,1.1920929e-07,0.0,13.343994,13.155,7.02,19.29,444.66,1017.68,5.259717261483102,6.2730575
2001-08-28,16337.46486986962,47.21800081281016,0.7083433340619641,3.1830201148986816,1.1920929e-07,1.1920929e-07,0.0,13.343994,12.645,7.98,17.31,373.21,1091.02,5.103635058965744,6.3036084
2001-08-29,16333.989378057036,44.933919485783676,0.744939122221351,3.7324562072753906,1.1920929e-07,1.1920929e-07,0.0,13.248003,14.38,8.67,20.09,424.33,1138.77,4.972186231337547,6.4767284
2001-08-30,16330.24125301274,43.032828664061846,0.7118918539051365,3.721372604370117,1.1920929e-07,1.1920929e-07,0.0,13.248003,14.345,9.33,19.36,382.94,1191.62,4.865363890354701,6.5581965
2001-08-31,16326.890456594152,40.92828490808117,0.5771200392754047,2.9423446655273438,1.1920929e-07,1.1920929e-07,0.0,13.152002,11.885,7.16,16.61,376.09,1043.18,4.749783981852431,6.863703
2001-09-01,16324.49373325027,38.14338826641751,0.44384353373627805,1.9828100204467773,1.1920929e-07,1.1920929e-07,0.0,13.152002,8.855,5.42,12.29,290.44,929.52,4.60104934893143,6.9960885
2001-09-02,16322.461098992784,35.22263806660634,0.42011116026019346,2.1411490440368652,1.1920929e-07,1.1920929e-07,0.0,13.056003,9.355,2.74,15.97,455.88,758.15,4.450060354957992,5.3056216
2001-09-03,16320.329038466523,32.56987736922045,0.38242086849642914,2.0999813079833984,1.1920929e-07,1.1920929e-07,0.0,12.960006,9.225,5.08,13.37,321.21,886.56,4.317223301379194,5.193603
2001-09-04,16318.273829013482,30.006896649646684,0.34451072050182113,1.9891437292099,1.1920929e-07,1.1920929e-07,0.0,12.960006,8.875,4.08,13.67,383.87,842.09,4.192649498934842,4.531673
2001-09-05,16316.943171892839,26.925452560462105,0.23655249504017506,0.7271817326545715,1.1920929e-07,1.1920929e-07,0.0,12.863997,4.89,0.47,9.31,357.39,653.91,4.047625298566688,3.3198326
2001-09-06,16316.229781484419,23.45091249805271,0.20933285743029695,0.8031845688819885,1.1920929e-07,1.1920929e-07,0.0,12.863997,5.13,1.81,8.45,281.08,713.52,3.89010874913718,2.8412063
2001-09-07,16315.225472787759,20.4307562855525,0.2019024163148573,1.3288700580596924,1.1920929e-07,1.1920929e-07,0.0,12.768,6.79,2.69,10.89,345.52,762.57,3.7581798518191025,3.5846043
2001-09-08,16313.226495490066,18.49910655692246,0.23848679290687078,2.6779184341430664,1.1920929e-07,1.1920929e-07,0.0,12.672003,11.05,5.59,16.51,387.19,909.94,3.676155605985259,3.900294
2001-09-09,16309.996550241029,17.810725071056144,0.27873464377609597,3.664370536804199,1.1920929e-07,1.1920929e-07,0.0,12.672003,14.165,8.79,19.54,363.33,1143.19,3.647359361328036,5.21397
2001-09-10,16306.45494141185,17.44250563555141,0.2571515878035584,3.396777391433716,1.1920929e-07,1.1920929e-07,0.0,12.575997,13.32,8.84,17.8,318.75,1144.49,3.632048787217541,5.8657165
2001-09-11,16302.955774441325,17.054570953521115,0.2698004720300929,3.759373903274536,1.1920929e-07,1.1920929e-07,0.0,12.575997,14.465,9.28,19.65,354.69,1161.11,3.615987970634179,6.150855
2001-09-12,16299.229463787336,16.89554451564517,0.2667927555671192,3.7894585132598877,1.1920929e-07,1.1920929e-07,0.0,12.48,14.56,10.48,18.64,294.14,1245.41,3.60942468651085,6.0082855
2001-09-13,16295.215372625387,17.01775669122173,0.2888064915370684,4.204306602478027,1.1920929e-07,1.1920929e-07,0.0,12.383997,15.87,11.09,20.65,327.4,1286.62,3.6144675243160655,6.6905828
2001-09-14,16290.67904006198,17.61681978705423,0.336556589002906,4.82816219329834,1.1920929e-07,1.1920929e-07,0.0,12.383997,17.84,12.24,23.44,374.66,1365.78,3.639288746867712,7.57655
2001-09-15,16286.023437828882,18.285624636165373,0.31336967195508314,4.296143054962158,1.1920929e-07,1.1920929e-07,0.0,12.288,16.16,11.86,20.46,300.68,1364.76,3.6672010337288334,7.413614
2001-09-16,16282.196156937673,18.159096605424885,0.2586060502711699,3.3381922245025635,1.1920929e-07,1.1920929e-07,0.0,12.288,13.135,8.39,17.88,336.02,1092.07,3.661904070463818,6.4970956
2001-09-17,16279.233002058842,17.24405690502097,0.20894741156377103,2.5607476234436035,1.1920929e-07,1.1920929e-07,0.0,12.192,10.68,5.41,15.95,381.96,895.43,3.6238239533537433,5.70278
2001-09-18,16277.193159257748,15.51307431061735,0.15141013395880812,1.5283772945404053,1.1920929e-07,1.1920929e-07,0.0,12.103056,7.42,3.59,11.25,314.89,802.45,3.5528674575752546,4.8066287
2001-09-19,16275.983047903423,13.08674785272966,0.11641347923482495,1.0818612575531006,1.1920929e-07,1.1920929e-07,0.0,12.096,6.01,2.88,9.14,253.76,764.25,3.455739893472619,4.0632305
2001-09-20,16274.292518104865,11.241448717167378,0.12881872994387716,2.3612403869628906,1.1920929e-07,1.1920929e-07,0.0,12.000006,10.05,5.43,14.67,321.17,900.22,3.3836527904251428,3.6457055
2001-09-21,16271.79437408676,10.249781736772755,0.12473695263373086,2.6620845794677734,1.1920929e-07,1.1920929e-07,0.0,12.000006,11.0,6.71,15.29,297.34,973.13,3.3455362675362794,4.1752496
2001-09-22,16268.718675344157,9.858783227490038,0.1415437859907237,3.5424492359161377,1.1920929e-07,1.1920929e-07,0.0,11.903997,13.78,7.87,19.69,369.22,1050.33,3.330625823055953,5.478742
2001-09-23,16264.525105739107,10.547416169925558,0.1934597473588022,4.821828365325928,1.1920929e-07,1.1920929e-07,0.0,11.903997,17.82,11.97,23.67,354.68,1359.19,3.356931069951554,6.3647094
2001-09-24,16259.651717028019,11.821544637456784,0.20558316209295868,4.582736968994141,1.1920929e-07,1.1920929e-07,0.0,11.808002,17.065,11.8,22.33,321.19,1344.63,3.4061508350369074,6.4563613
2001-09-25,16255.77423090887,21.726770354233036,0.2792040318507166,3.0595154762268066,1.1920929e-07,20.83,20.83,11.711994,12.255,6.98,17.53,260.66,1013.77,3.8142363022251033,5.478742
2001-09-26,16253.810066604852,41.6043556919482,0.3448999190548526,0.8981878757476807,1.1920929e-07,21.2,21.2,11.711994,5.43,1.69,9.17,216.65,718.94,4.786610746529092,6.9553547
2001-09-27,16253.370346990047,52.30953701493405,0.3759074165686514,0.2584246766228926,1.1920929e-07,10.27,10.27,11.615997,3.41,-0.75,7.57,236.84,587.3,5.409295727698104,3.3809338
2001-09-28,16252.879244115624,51.24900358815529,0.420259014060655,0.8855207562446594,1.1920929e-07,1.1920929e-07,0.0,11.615997,5.39,0.71,10.07,324.08,652.77,5.344154458668084,2.3523967
2001-09-29,16251.346172206284,47.10515353111557,0.5000342418018533,2.1839005947113037,1.1920929e-07,1.1920929e-07,0.0,11.520002,9.49,4.94,14.04,293.58,873.44,5.097059841241087,2.36258
2001-09-30,16248.639244191903,44.26545641365413,0.5695658242451809,3.1925203800201416,1.1920929e-07,1.1920929e-07,0.0,11.424,12.675,8.06,17.29,283.7,1082.0,4.934360534097482,2.627352
2001-10-01,16245.130248789439,42.305343624555185,0.5921160410721968,3.623202323913574,1.1920929e-07,1.1920929e-07,0.0,11.424,14.035,7.88,20.19,350.2,1064.03,4.825096330942114,3.0346935
2001-10-02,16241.85118021957,40.27374783662557,0.48714496392205836,2.921760320663452,1.1920929e-07,1.1920929e-07,0.0,11.328,11.82,6.32,17.32,325.64,945.74,4.714400159563413,2.9735923
2001-10-03,16239.016730335677,37.99013387056116,0.4477108878238809,2.7903389930725098,1.1920929e-07,1.1920929e-07,0.0,11.328,11.405,4.91,17.9,356.12,868.84,4.593000958365875,3.1263454
2001-10-04,16236.163297262281,35.86852327764015,0.4295099391452664,2.9138436317443848,1.1920929e-07,1.1920929e-07,0.0,11.2319975,11.795,6.87,16.72,292.21,989.79,4.483017061578076,3.615155
2001-10-05,16233.250262721851,33.93185012505358,0.3870931971216651,2.7127530574798584,1.1920929e-07,1.1920929e-07,0.0,11.136003,11.16,5.17,17.15,317.82,890.23,4.3849212156144795,2.9735923
2001-10-06,16231.013243417308,31.482138432320188,0.2957422688127193,1.7484683990478516,1.1920929e-07,1.1920929e-07,0.0,11.136003,8.115,2.0,14.23,338.39,711.23,4.263907865393309,2.8412063
2001-10-07,16229.763833236799,28.956321610043233,0.21948610588792417,0.752515971660614,1.1920929e-07,1.7,1.7,11.04,4.97,1.89,8.05,185.59,708.91,4.1426309120462825,1.9857893
2001-10-08,16229.38098391082,30.037120893806378,0.19801858232488928,0.08748968277068059,1.1920929e-07,8.74,8.74,11.04,2.885,0.41,5.36,133.17,641.85,4.19409739810556,2.494966
2001-10-09,16229.377349623837,30.06336627652561,0.18903036286192854,1.1920928955078125e-07,1.1920929e-07,1.1920929e-07,0.0,10.9439945,2.315,0.05,4.58,153.39,627.92,4.195355094639609,1.7210175
2001-10-10,16229.170826024094,36.22929842753352,0.2536297247799536,0.4580052397225103,1.1920929e-07,20.75,20.75,10.848,4.04,0.55,7.53,169.69,634.65,4.50153197230328,3.767908
2001-10-11,16229.004697304004,50.67221187704247,0.30682245844301104,1.1920928955078125e-07,1.1920929e-07,18.51,18.51,10.848,1.89,-0.54,4.32,128.16,599.85,5.309056061293994,4.3483696
2001-10-12,16229.00478542175,66.49818028814121,0.398406984618741,1.1920928955078125e-07,1.1920929e-07,24.82,24.82,10.752,1.865,-0.73,4.46,134.68,587.74,6.361157709828588,5.712963
2001-10-13,16228.997108113275,84.54804812242101,0.5415574442421347,0.07535003784405792,1.1920929e-07,26.32,26.32,10.752,2.85,0.11,5.59,148.29,629.97,7.817873774237814,6.1101213
2001-10-14,16228.683302612631,102.76305127121257,0.7255623414418239,0.5830932855606079,1.1920929e-07,27.99,27.99,10.655997,4.435,2.62,6.25,98.39,739.59,9.62632336862459,11.100053
2001-10-15,16227.648500411462,107.13100741139529,0.9194050974231366,1.5220435857772827,1.1920929e-07,1.1920929e-07,0.0,10.655997,7.4,2.39,12.41,292.92,730.98,10.118860163143935,6.150855
2001-10-16,16225.927223039267,100.99606722008548,0.8944625035850775,1.7199673652648926,1.1920929e-07,5.36,5.36,10.560002,8.025,2.28,13.77,230.55,724.6,9.433953773039496,4.3076353
2001-10-17,16225.1016902725,94.50917891199748,0.5595657964019657,1.1920928955078125e-07,1.1920929e-07,1.1920929e-07,0.0,10.464,2.09,-2.13,6.31,264.26,538.19,8.760113647951995,3.1467123
2001-10-18,16225.10977236156,85.2715329125464,0.5019609736826778,1.1920928955078125e-07,1.1920929e-07,1.1920929e-07,0.0,10.464,2.005,-1.59,5.6,229.64,551.68,7.8827571407774935,2.4338648
2001-10-19,16225.015843906387,81.5246623021438,0.5239662358021269,0.26794211558228653,1.1920929e-07,8.53,8.53,10.367997,3.44,0.04,6.84,164.47,620.52,7.552460252897509,3.391117
2001-10-20,16224.605029839344,77.38082678399249,0.5168833854254075,0.45008817607324225,1.1920929e-07,1.1920929e-07,0.0,10.367997,4.015,-0.85,8.88,274.98,579.34,7.203262658131186,2.8208392
2001-10-21,16224.325141884627,76.11916555279997,0.467850839083667,0.09780663434076597,1.1920929e-07,11.74,11.74,10.272,2.915,-0.38,6.21,155.99,596.22,7.100184819533744,3.177263
2001-10-22,16224.298068478338,85.70059590071358,0.4847127976991626,1.1920928955078125e-07,6.8664554e-07,23.04,23.04,10.272,1.69,-1.02,4.4,136.18,580.95,7.921490337647616,5.3056216
2001-10-23,16232.429777978905,95.21233812667893,0.44866010502580017,1.1920928955078125e-07,28.671034,0.03896429,28.71,10.176,-0.82,-2.95,1.31,104.87,513.19,8.830766262679507,6.374893
2001-10-24,16257.506089866769,86.71887423473942,0.4236935390851859,1.1920928955078125e-07,16.781162,4.5688396,21.35,10.168944,-0.29,-3.2,2.62,147.09,498.55,8.014177849142207,4.297452
2001-10-25,16258.427918955304,98.72807466538009,0.6084582098099025,0.20274705790207292,1.1920929e-07,22.59,22.59,10.08,3.235,0.05,6.42,154.32,621.86,9.192663036905907,5.1426854
2001-10-26,16257.667802820992,100.27593286109004,0.7703288928502238,1.2972021102905273,1.1920929e-07,1.1920929e-07,0.0,9.990422,6.69,3.09,10.29,211.11,765.9,9.35666055309091,5.0714006
2001-10-27,16256.936593356719,96.42912365884982,0.5421559801751402,1.1920928955078125e-07,1.1920929e-07,10.32,10.32,9.984,2.02,-2.91,6.95,195.96,510.68,8.954376298707073,4.8066287
2001-10-28,16261.23241320611,92.43371046686939,0.41751769602632566,1.1920928955078125e-07,8.288398,0.0016024393,8.29,9.887998,-1.015,-6.18,4.15,204.13,395.9,8.554852490089722,3.7984586
2001-10-29,16263.531672170362,84.80780155234817,0.47902234766218815,1.1920928955078125e-07,1.1920929e-07,1.1920929e-07,0.0,9.887998,2.23,-1.33,5.79,215.89,557.25,7.841107229768641,3.1365287
2001-10-30,16263.306075695651,85.48683731360914,0.538945174290092,0.44692144614093365,1.1920929e-07,19.08,19.08,9.792003,4.005,1.98,6.03,98.54,710.64,7.902169780836233,5.0306664
2001-10-31,16263.18713029057,102.98279843381384,0.533825231733251,1.1920928955078125e-07,9.4015e-05,32.189903,32.19,9.792003,1.115,-1.87,4.1,144.39,553.51,9.650519631624118,8.645822
2001-11-01,16263.18714283116,112.88322829839454,0.6136380066828032,1.1920928955078125e-07,1.1920929e-07,8.23,8.23,9.696003,1.955,0.36,3.55,80.7,640.27,10.806140844106695,6.9044366
2001-11-02,16263.124553179992,109.83718456181883,0.6584058070155331,0.25525115894991757,1.1920929e-07,7.92,7.92,9.696003,3.4,0.53,6.27,137.15,650.14,10.436575112590557,7.0979238
2001-11-03,16262.3216547001,103.34839324970454,0.7779991952036651,1.3922055959701538,1.1920929e-07,1.1920929e-07,0.0,9.6,6.99,2.58,11.4,228.11,726.7,9.690909952796524,5.5907607
2001-11-04,16260.713103576592,100.06146993425536,0.7784241218535942,1.5521280765533447,1.1920929e-07,11.01,11.01,9.6,7.495,2.33,12.66,189.13,721.53,9.333764505048924,4.6335087
2001-11-05,16260.070638458203,101.10576251100952,0.4995095021693674,1.1920928955078125e-07,0.00035960227,8.74964,8.75,9.504003,0.85,-3.83,5.53,180.0,472.0,9.445783458872645,4.9491982
2001-11-06,16262.04790575657,93.46206756652941,0.4042118613320323,1.1920928955078125e-07,1.1920929e-07,1.1920929e-07,0.0,9.504003,-1.07,-3.82,1.68,161.76,466.07,8.655947413912404,3.8290093
2001-11-07,16262.006878233238,85.03473805101429,0.4439619221607243,1.1920928955078125e-07,1.1920929e-07,1.1920929e-07,0.0,9.408,1.805,-3.5,7.11,241.78,475.82,7.86146190413583,3.2587311
2001-11-08,16261.228496495687,77.80051955394234,0.5665183736707284,1.3288700580596924,1.1920929e-07,1.1920929e-07,0.0,9.408,6.79,1.41,12.17,234.94,673.5,7.23788222411169,2.8615735
2001-11-09,16259.695302860646,71.76805516623524,0.5858243022098498,1.9337249994277954,1.1920929e-07,1.1920929e-07,0.0,9.318422,8.7,3.53,13.87,225.77,792.71,6.755882448167015,2.5662508
2001-11-10,16257.452941245372,66.84431308692507,0.6050674814517912,2.4499101638793945,1.1920929e-07,1.1920929e-07,0.0,9.312,10.33,6.06,14.6,197.02,934.06,6.3863609967839725,2.3931308
2001-11-11,16254.99781762544,62.419287273065336,0.544086316621853,2.2884044647216797,1.1920929e-07,1.1920929e-07,0.0,9.26253,9.82,6.86,12.78,144.17,989.08,6.071544340797134,2.321846
2001-11-12,16253.123085371286,65.68805437106468,0.48047314785476064,1.4507912397384644,1.1920929e-07,18.36,18.36,9.216,7.175,4.13,10.22,118.4,826.99,6.302557402161957,3.482769
2001-11-13,16252.060126616105,83.5266302195217,0.5262456051802696,0.7319320440292358,1.1920929e-07,29.89,29.89,9.216,4.905,2.68,7.13,91.76,757.57,7.727179454119326,5.366723
2001-11-14,16251.186102591117,119.98480923295148,0.8116366772897922,1.1230292320251465,1.1920929e-07,58.97,58.97,9.119997,6.14,4.65,7.63,60.67,860.06,11.719372510321566,24.33865
2001-11-15,16250.02325690922,144.48791402956206,0.9124154448509216,1.0850279331207275,1.1920929e-07,21.14,21.14,9.119997,6.02,3.1,8.94,113.13,779.72,22.601196906103276,18.126692
2001-11-16,16249.491775288607,137.58004210853,0.6958165175783408,1.1920928955078125e-07,1.1920929e-07,6.89,6.89,9.024003,2.125,-0.5,4.75,104.98,606.31,15.69332487013623,11.711065
2001-11-17,16249.49550609258,128.14596947462837,0.5825811778681953,1.1920928955078125e-07,0.012016341,3.0879836,3.1,9.024003,0.395,-2.1,2.89,105.33,536.97,12.864564348170209,7.9838915
2001-11-18,16249.499771103325,116.85554523666818,0.61198379664913,1.1920928955078125e-07,1.1920929e-07,1.1920929e-07,0.0,9.016947,2.475,-0.82,5.77,153.03,577.65,11.307819041047935,6.0999374
2001-11-19,16248.930344552919,114.47753510746325,0.7357140083802788,0.9789407849311829,1.1920929e-07,18.83,18.83,8.928,5.685,1.64,9.73,137.43,695.19,11.004760786970461,10.590877
2001-11-20,16248.315958690937,123.38729871741296,0.6744333590015412,0.2091323901902733,1.1920929e-07,21.16,21.16,8.928,3.255,0.84,5.67,94.25,661.08,12.183875344762443,10.794547
2001-11-21,16248.290248987636,128.57133374377696,0.6007392709972299,1.1920928955078125e-07,5.6708155e-05,15.989943,15.99,8.838422,1.095,-0.53,2.72,66.24,602.37,12.92723021485724,9.012428
2001-11-22,16248.289047750353,140.53026503302775,0.6177635192871094,1.1920928955078125e-07,0.0067817993,36.80322,36.81,8.831997,0.7,-1.52,2.92,87.92,559.21,18.64354790956896,11.812901
2001-11-23,16264.805230831807,135.17841256616774,0.5348085241148111,1.1920928955078125e-07,23.419725,0.00027500035,23.42,8.831997,-1.295,-4.02,1.43,105.11,470.88,13.940452952324689,12.2202425
2001-11-24,16276.159407948066,121.80308261735897,0.44366428799218793,1.1920928955078125e-07,1.1920929e-07,1.1920929e-07,0.0,8.742422,-2.325,-3.91,-0.74,83.84,468.24,11.96535334262213,8.228296
2001-11-25,16282.342119614155,110.18214147994732,0.3804090510267021,1.1920928955078125e-07,7.41,1.1920929e-07,7.41,8.736,-3.07,-4.42,-1.72,54.66,452.71,10.477784694694005,6.5378294
2001-11-26,16289.457826180253,99.93381330424965,0.3578690406408831,1.1920928955078125e-07,6.68,1.1920929e-07,6.68,8.736,-2.555,-4.79,-0.32,90.68,439.73,9.32016250069741,5.3769064
2001-11-27,16298.004348932445,90.73936287835454,0.31674791921653755,1.1920928955078125e-07,1.1920929e-07,1.1920929e-07,0.0,8.646422,-2.77,-5.41,-0.13,137.87,419.96,8.390854703882836,4.6131415
2001-11-28,16313.878894285484,82.42076871907057,0.30293961429036,1.1920928955078125e-07,28.59,8.520484e-07,28.59,8.64,-2.03,-5.46,1.4,123.97,418.51,7.6301729950941555,6.3137918
2001-11-29,16341.008552620953,74.82988207864727,0.2640888257196629,1.1920928955078125e-07,28.37,1.1920929e-07,28.37,8.64,-2.605,-5.65,0.44,114.92,413.85,6.996373907189495,7.4441643
2001-11-30,16368.832243708935,67.83531788445492,0.24278970968877428,1.1920928955078125e-07,23.82,1.1920929e-07,23.82,8.632941,-2.395,-4.34,-0.45,79.93,452.11,6.459073526809997,6.150855
2001-12-01,16393.358491644995,61.36532004910108,0.23984301610472672,1.1920928955078125e-07,24.194286,0.005713475,24.2,8.544,-0.995,-2.77,0.78,69.0,506.42,5.998877938181392,7.596917
2001-12-02,16412.891982410125,55.35477549282959,0.1965651380188915,1.1920928955078125e-07,15.86,1.1920929e-07,15.86,8.544,-2.36,-4.04,-0.68,65.5,463.56,5.6007907901337814,6.6294813
2001-12-03,16430.004707593835,49.74917473688919,0.1532894277524425,1.1920928955078125e-07,12.52,1.1920929e-07,12.52,8.544,-4.35,-6.06,-2.64,70.72,402.18,5.253367235848637,5.264888
2001-12-04,16448.01484407259,44.501992113923144,0.13044876817164952,1.1920928955078125e-07,21.06,1.1920929e-07,21.06,8.536944,-5.03,-5.93,-4.13,40.75,404.43,4.947712149554038,4.562224
2001-12-05,16469.31161656908,39.5659222780929,0.12180554741853424,1.1920928955078125e-07,22.13,1.1920929e-07,22.13,8.448,-4.205,-6.76,-1.65,105.17,383.46,4.676432196392959,4.0632305
2001-12-06,16496.26060003123,34.89446142767591,0.11758466492411047,1.1920928955078125e-07,29.99,1.1920929e-07,29.99,8.448,-2.94,-4.29,-1.59,58.23,451.88,4.433407870175526,4.6844263
2001-12-07,16517.50164106809,30.4575657659154,0.11195302609557313,1.1920928955078125e-07,11.889998,2.1260978e-06,11.89,8.448,-1.71,-5.14,1.72,125.63,426.99,4.214290838607559,4.0632305
2001-12-08,16528.75061235614,26.238015164808893,0.11475051781240865,1.1920928955078125e-07,0.00076796114,10.249232,10.25,8.448,0.79,-3.72,5.3,139.95,471.44,4.01596255225282,4.124332
2001-12-09,16541.079642634617,22.227115556771047,0.07599703970264922,1.1920928955078125e-07,11.64,1.1920929e-07,11.64,8.448,-2.735,-6.4,0.93,129.41,393.56,3.836100747578127,3.9104774
2001-12-10,16556.66029283166,18.406602184430945,0.057993886716448576,1.1920928955078125e-07,20.77,1.1920929e-07,20.77,8.398531,-3.8,-5.33,-2.27,69.56,421.65,3.6722727969977824,3.655889
2001-12-11,16579.546953022626,14.756090664065136,0.048706712048200713,1.1920928955078125e-07,13.55,1.1920929e-07,13.55,8.352,-3.07,-5.1,-1.04,89.46,428.71,3.5222754242490506,3.3605666
2001-12-12,16613.0812636532,11.257534717960912,0.039717075310242975,1.1920928955078125e-07,12.54,3.7372112e-07,12.54,8.352,-2.13,-5.32,1.06,120.46,420.14,3.3842746511326873,3.2281806
2001-12-13,16650.787517219847,7.902150544358852,0.031229089936087202,1.1920928955078125e-07,48.9338,1.4762005,50.41,8.352,-0.51,-2.98,1.96,100.37,496.46,3.2570034670194605,13.136761
2001-12-14,16685.707591876857,4.681572308162199,0.01437196405258937,1.1920928955078125e-07,32.15,1.1920929e-07,32.15,8.352,-4.085,-6.92,-1.25,112.68,382.05,3.1393494862963096,15.478973
2001-12-15,16711.33015061713,1.5870438474303108,0.005157083689629965,1.1920928955078125e-07,20.7,1.1920929e-07,20.7,8.352,-3.29,-6.19,-0.39,113.69,397.31,3.0303056666349346,9.002245
2001-12-16,16748.948073600048,-0.23291424078960593,1.1920928955078125e-07,1.1920928955078125e-07,53.372723,0.20727693,53.58,8.352,-0.715,-3.59,2.16,111.1,474.88,0.2633701416592142,17.210175
2001-12-17,16795.593918375685,-0.35694578169408764,1.1920928955078125e-07,1.1920928955078125e-07,38.89,1.1920929e-07,38.89,8.352,-4.535,-8.48,-0.59,137.07,337.59,0.08120454944090394,19.756058
2001-12-18,16825.303097405547,-0.4169830744952392,1.1920928955078125e-07,1.1920928955078125e-07,21.3,1.1920929e-07,21.3,8.352,-2.93,-5.35,-0.51,100.24,416.26,0.04507633687303344,11.201889
2001-12-19,16844.56195902729,-0.45450969381902495,1.1920928955078125e-07,1.1920928955078125e-07,16.87,1.1920929e-07,16.87,8.352,-3.385,-5.91,-0.86,106.0,402.8,0.031107098427371065,8.085727
2001-12-20,16856.427876299735,-0.48171630481828964,1.1920928955078125e-07,1.1920928955078125e-07,6.48,1.1920929e-07,6.48,8.352,-2.47,-4.19,-0.75,80.41,453.87,0.023749586432688184,6.4665446
2001-12-21,16862.19094122685,-0.5032317204990797,1.1920928955078125e-07,1.1920928955078125e-07,3.6699991,7.656217e-07,3.67,8.352,-1.69,-4.2,0.82,116.6,454.95,0.019177157104672906,5.325989
2001-12-22,16863.686974970642,-0.5208082578030501,1.1920928955078125e-07,1.1920928955078125e-07,1.1920929e-07,1.1920929e-07,0.0,8.352,-1.125,-4.67,2.42,168.89,435.64,0.016099672331874103,4.562224
2001-12-23,16863.868801164626,-0.5358723379290049,1.1920928955078125e-07,1.1920928955078125e-07,1.1920929e-07,1.1920929e-07,0.0,8.352,0.095,-4.0,4.19,179.69,455.7,0.013856402439728384,3.9512117
2001-12-24,16863.910557764495,-0.548987823503076,1.1920928955078125e-07,1.1920928955078125e-07,1.1920929e-07,1.1920929e-07,0.0,8.352,2.11,-1.78,6.0,168.38,539.55,0.012158381023406845,3.4522183
2001-12-25,16863.893864705344,-0.5605115021164035,1.1920928955078125e-07,1.1920928955078125e-07,1.1920929e-07,1.1920929e-07,0.0,8.352,0.94,-2.92,4.8,167.97,493.64,0.010838427244703778,3.085611
2001-12-26,16863.889030275313,-0.5708086581568916,1.1920928955078125e-07,1.1920928955078125e-07,1.1920929e-07,1.1920929e-07,0.0,8.352,1.14,-2.99,5.27,177.75,490.75,0.009780273285630022,2.8004723
2001-12-27,16863.8899402386,2.0254272198954864,0.009725679291047012,1.1920928955078125e-07,1.1920929e-07,9.26,9.26,8.352,2.325,-1.24,5.89,126.06,561.33,3.0455202054519788,2.7699215
2001-12-28,16863.89748564309,9.575481437184116,0.04635525081568013,1.1920928955078125e-07,1.1920929e-07,10.67,10.67,8.352,2.445,-0.88,5.77,122.39,575.63,3.3198638499746385,3.655889
2001-12-29,16863.841408642744,11.648294723250123,0.058823874417256714,0.1495503861122014,1.1920929e-07,1.1920929e-07,0.0,8.352,3.07,0.01,6.13,147.2,612.85,3.3994160067339334,3.1059783
2001-12-30,16863.748356877495,7.5280647297863235,0.03671630425476833,1.1920928955078125e-07,1.1920929e-07,1.1920929e-07,0.0,8.352,2.555,-0.54,5.65,148.7,587.28,3.24311414229348,2.8208392
2001-12-31,16863.75010454928,10.64163601311444,0.04646040441390431,1.1920928955078125e-07,0.00025334506,12.409747,12.41,8.358422,0.92,-2.4,4.24,121.91,518.37,3.360546316218403,3.5133197
2002-01-01,16863.73615214685,17.290121006951868,0.08800720157175076,0.1364222981605412,1.1920929e-07,7.62,7.62,8.440945,3.03,0.05,6.01,107.03,617.84,3.62573144792088,4.338186
2002-01-02,16863.51695364938,23.576730397477924,0.12157263024685652,0.19475251624254497,1.1920929e-07,11.72,11.72,8.448,3.21,-0.8,7.22,124.97,585.22,3.895704207387755,9.328118
2002-01-03,16863.486993428774,25.79278458724427,0.11053504779984334,1.1920928955078125e-07,0.0009434688,0.65905654,0.66,8.448,0.495,-1.2,2.19,84.96,562.14,3.9955879116127244,7.0266395
2002-01-04,16863.47974140414,21.408385747551005,0.09257124212086645,1.1920928955078125e-07,1.1920929e-07,1.1920929e-07,0.0,8.448,0.625,-3.12,4.37,161.39,495.65,3.8003882269692277,5.3361726
2002-01-05,16863.436086580947,21.01060044088506,0.10962403153778713,0.25048970767657863,1.1920929e-07,7.8,7.8,8.448,3.385,0.99,5.78,95.37,657.87,3.7831572610286446,4.623325
2002-01-06,16863.016208590812,32.10735807424507,0.18017091943245628,0.5688427090644836,1.1920929e-07,23.02,23.02,8.494531,4.39,1.86,6.92,93.82,699.24,4.294471968942413,8.09591
2002-01-07,16862.33350845906,69.61461249703623,0.4076953360420218,0.7445991039276123,1.1920929e-07,57.48,57.48,8.544,4.945,2.63,7.26,86.15,742.07,6.591708725582993,31.263453
2002-01-08,16862.001806066844,105.30980438762404,0.4993236116656918,1.1920928955078125e-07,8.5264446e-07,28.61,28.61,8.544,1.805,-0.23,3.84,77.69,611.97,9.910507396568885,28.310228
2002-01-09,16862.0027591585,113.2382886169985,0.4981202504836491,1.1920928955078125e-07,0.0016938162,10.158306,10.16,8.544,0.71,-2.81,4.23,122.23,510.93,10.8500619422946,14.766126
2002-01-10,16862.004431138568,106.50374378964818,0.5310670110462301,1.1920928955078125e-07,1.1920929e-07,1.1920929e-07,0.0,8.550425,2.535,-0.4,5.47,144.53,594.85,10.046608822867535,9.715093
2002-01-11,16861.57393418744,96.83816034182101,0.5828920433543996,0.822185218334198,1.1920929e-07,1.72,1.72,8.64,5.19,1.82,8.56,146.62,698.84,8.996316646143194,7.8922396
2002-01-12,16861.102769717523,97.66919047493546,0.4726263076068463,1.1920928955078125e-07,1.1920929e-07,16.15,16.15,8.64,1.94,-4.0,7.88,148.97,470.81,9.082131803447815,8.085727
2002-01-13,16867.67367028543,93.0930688454742,0.2995891967205947,1.1920928955078125e-07,6.02,1.1920929e-07,6.02,8.64,-3.9,-6.75,-1.05,132.89,380.4,8.619535479506997,6.88407
2002-01-14,16870.24121463304,84.6007277953537,0.2667016187911575,1.1920928955078125e-07,1.1920929e-07,1.1920929e-07,0.0,8.728945,-4.33,-7.36,-1.3,160.24,360.01,7.822580097418468,5.977735
2002-01-15,16870.4889904536,76.86133632932489,0.23399987010970105,1.1920928955078125e-07,1.1920929e-07,1.1920929e-07,0.0,8.736,-4.825,-8.06,-1.59,169.02,340.44,7.1606402389440325,5.193603
2002-01-16,16870.481139808853,69.76471245303424,0.20566275801671596,1.1920928955078125e-07,1.1920929e-07,1.1920929e-07,0.0,8.736,-5.27,-8.13,-2.41,156.41,337.69,6.603021530885567,4.6844263
2002-01-17,16872.757897142215,63.20688655080684,0.18197339023904344,1.1920928955078125e-07,2.48,1.1920929e-07,2.48,8.824942,-5.735,-8.83,-2.64,153.2,324.62,6.126419914513485,4.2465343
2002-01-18,16884.03088112684,57.10053488210928,0.17185242637830636,1.1920928955078125e-07,16.52,1.1920929e-07,16.52,8.831997,-5.135,-7.44,-2.83,106.71,359.11,5.713612055818446,4.002129
2002-01-19,16905.108251678128,51.39433413651582,0.17132508672911523,1.1920928955078125e-07,25.77,1.1920929e-07,25.77,8.831997,-3.715,-5.53,-1.9,87.38,414.53,5.353034517000272,4.012313
2002-01-20,16936.018019151335,46.038963828884356,0.1581627276977293,1.1920928955078125e-07,36.32,1.1920929e-07,36.32,8.928,-3.445,-4.96,-1.93,75.5,434.12,5.035353280532406,4.226167
2002-01-21,16963.68024691641,41.00391372685928,0.11934244532056033,1.1920928955078125e-07,18.86,1.1920929e-07,18.86,8.928,-5.745,-7.74,-3.75,100.03,357.13,4.753889501504091,3.8595598
2002-01-22,16985.784768511792,36.258726491563266,0.09986709750378107,1.1920928955078125e-07,27.47,1.1920929e-07,27.47,8.928,-6.5,-7.61,-5.39,59.84,356.52,4.503045583630943,3.4013007
2002-01-23,17008.706645559363,31.765367789140907,0.106387848679801,1.1920928955078125e-07,20.64,1.1920929e-07,20.64,9.024003,-3.95,-6.25,-1.65,116.45,394.52,4.277726597808798,3.217997
2002-01-24,17038.730257430907,27.485955793202372,0.1105634215013373,1.1920928955078125e-07,35.539795,0.00020759822,35.54,9.024003,-1.365,-2.48,-0.25,59.72,515.27,4.073626231889374,4.3687367
2002-01-25,17065.822271661684,23.41236442346269,0.08990313291332062,1.1920928955078125e-07,35.58,1.1920929e-07,35.58,9.112942,-2.165,-4.67,0.34,126.51,439.89,3.8883960221371288,5.8555326
2002-01-26,17082.400866089763,19.54023664490878,0.05669290190363332,1.1920928955078125e-07,12.15,1.1920929e-07,12.15,9.119997,-6.08,-9.98,-2.18,174.94,299.75,3.7201404954672284,4.3483696
2002-01-27,17092.197329039613,15.847861203554674,0.04312108974775458,1.1920928955078125e-07,7.3,1.1920929e-07,7.3,9.126422,-6.965,-10.1,-3.83,157.52,294.57,3.566481827786457,3.6457055
2002-01-28,17099.162884429075,12.31379945990158,0.035682836393388845,1.1920928955078125e-07,6.3,1.1920929e-07,6.3,9.216,-6.24,-11.55,-0.93,205.98,260.53,3.4253593989188875,3.1670794
2002-01-29,17111.764259746662,8.924787306703411,0.023355734688481518,1.1920928955078125e-07,10.14,1.1920929e-07,10.14,9.216,-7.625,-10.81,-4.44,168.26,274.84,3.2952769756398714,2.9023075
2002-01-30,17134.948367848592,5.669636036707302,0.01814795351605701,1.1920928955078125e-07,36.12,1.1920929e-07,36.12,9.312,-5.015,-7.46,-2.57,140.97,356.3,3.1749861754124122,2.8412063
2002-01-31,17162.692823491827,2.536959652018106,0.009822005601164752,1.1920928955078125e-07,20.74,1.1920929e-07,20.74,9.312,-2.355,-4.07,-0.64,106.07,460.77,3.0633696080814086,2.8310227
2002-02-01,17176.905914204657,-0.1283423215891002,1.1920928955078125e-07,1.1920928955078125e-07,7.87,1.1920929e-07,7.87,9.408,-2.71,-5.65,0.23,166.09,413.62,0.6447207293277734,2.6171684
2002-02-02,17180.11054655397,-0.3431480129387108,1.1920928955078125e-07,1.1920928955078125e-07,1.1920929e-07,1.1920929e-07,0.0,9.408,-0.235,-6.04,5.57,293.82,395.36,0.09285703598680416,2.4338648
2002-02-03,17183.054697064417,-0.41149248267346183,1.1920928955078125e-07,1.1920928955078125e-07,5.47,1.630187e-07,5.47,9.504003,-1.92,-6.24,2.4,205.01,393.58,0.04758261308226482,2.5662508
2002-02-04,17188.443059717152,-0.4364185336533635,1.1920928955078125e-07,1.1920928955078125e-07,5.275186,0.21481389,5.49,9.504003,-0.48,-5.75,4.79,224.8,403.6,0.03720610033391922,2.3727636
2002-02-05,17189.6451358904,2.8728631401765727,0.014479449478354696,1.1920928955078125e-07,7.109762e-05,8.169929,8.17,9.592944,1.005,-2.28,4.29,173.53,519.85,3.0751474789653677,2.4440484
2002-02-06,17192.32532284575,7.828850808522627,0.03534054473966502,1.1920928955078125e-07,14.07734,0.17266001,14.25,9.6,-0.6,-2.45,1.25,113.72,516.89,3.2542772643270292,2.739371
2002-02-07,17217.49510647488,4.617646673101116,0.018424445096252292,1.1920928955078125e-07,36.04,1.1920929e-07,36.04,9.688945,-2.49,-4.71,-0.27,136.29,442.26,3.137057692811744,3.1467123
2002-02-08,17248.387806348062,1.5242126711894035,0.005554187709861376,1.1920928955078125e-07,24.39,1.1920929e-07,24.39,9.696003,-3.775,-5.97,-1.58,139.85,403.27,3.0281309991921823,2.9328582
2002-02-09,17264.848657295155,-0.25104089424091075,1.1920928955078125e-07,1.1920928955078125e-07,8.919996,3.7217142e-06,8.92,9.784947,-1.63,-6.38,3.12,227.91,390.91,0.22294112130424765,2.5968015
2002-02-10,17268.54256184216,-0.008106776923030565,1.1920928955078125e-07,1.1920928955078125e-07,0.0017351845,1.4082649,1.41,9.792003,0.51,-4.68,5.7,297.93,438.4,1.4275193760249962,2.719004
2002-02-11,17268.699558366287,-0.29917412882838185,1.1920928955078125e-07,1.1920928955078125e-07,1.1920929e-07,1.1920929e-07,0.0,9.887998,-2.935,-8.47,2.6,327.48,331.64,0.14176189152552315,2.6986368
2002-02-12,17268.699307011746,-0.38888724650323786,1.1920928955078125e-07,1.1920928955078125e-07,1.1920929e-07,1.1920929e-07,0.0,9.887998,-0.16,-5.35,5.03,315.74,417.71,0.05942479665178955,2.4745991
2002-02-13,17268.699307011746,-0.43592453168141587,1.1920928955078125e-07,1.1920928955078125e-07,1.1920929e-07,1.1920929e-07,0.0,9.984,-1.075,-5.37,3.22,299.67,414.17,0.03738823844617204,2.36258
2002-02-14,17268.699307000406,-0.4678021138152495,1.1920928955078125e-07,1.1920928955078125e-07,1.1920929e-07,1.1920929e-07,0.0,9.984,0.215,-5.7,6.13,339.26,404.17,0.027266768846870366,2.2403777
2002-02-15,17268.593930765226,-0.3917949484328638,1.1920928955078125e-07,0.364581778624526,1.1920929e-07,1.1920929e-07,0.0,10.08,3.745,-1.81,9.3,327.11,538.69,0.05775306056407324,2.2098272
2002-02-16,17268.404622513575,-0.32379677936383183,1.1920928955078125e-07,1.1920928955078125e-07,1.1920929e-07,1.1920929e-07,0.0,10.08,2.455,-1.81,6.72,286.46,538.09,0.1119585261034177,2.2607448
2002-02-17,17268.405692746142,0.16248100365006016,0.0007121662068411907,1.1920928955078125e-07,0.00043951275,3.2195606,3.22,10.176,0.73,-0.95,2.41,127.62,571.77,2.490823762314916,2.2912953
2002-02-18,17268.406695485803,2.9336960376327754,0.015454751113142729,1.1920928955078125e-07,0.0006188643,8.259381,8.26,10.176,0.79,-1.87,3.45,166.48,540.74,3.0772853165179255,2.4644156
2002-02-19,17272.407251199274,5.165352487202196,0.02454413706316768,1.1920928955078125e-07,10.02827,0.011730138,10.04,10.272,-0.835,-3.8,2.13,185.14,477.72,3.156747823154198,3.2994654
2002-02-20,17280.837103441303,2.048961032992132,0.009453733729565872,1.1920928955078125e-07,6.619895,0.00010495901,6.62,10.278422,-1.265,-6.61,4.08,258.69,385.86,3.0463391076597275,3.02451
2002-02-21,17284.423551361117,10.49249130550829,0.061073786490920164,1.1920928955078125e-07,1.1920929e-07,23.95,23.95,10.367997,1.975,-0.3,4.25,140.98,598.18,3.3548253796048986,6.1101213
2002-02-22,17284.18450191315,23.968657094139452,0.16299721932247474,0.4912565664190076,1.1920929e-07,10.25,10.25,10.464,4.145,3.05,5.24,78.23,766.74,3.9131858714045284,8.717106
2002-02-23,17283.99492353142,32.91029311399527,0.17535731911053548,1.1920928955078125e-07,0.012931763,15.657068,15.67,10.464,0.55,-3.66,4.76,236.59,482.77,4.3340453245441655,8.890226
2002-02-24,17296.499123802438,30.565289532047693,0.11159249976308863,1.1920928955078125e-07,14.15,1.1920929e-07,14.15,10.560002,-4.935,-8.45,-1.42,218.42,336.99,4.219480304041433,8.085727
2002-02-25,17301.557120623827,26.333174836002136,0.10291074454308917,1.1920928955078125e-07,1.1920929e-07,1.1920929e-07,0.0,10.560002,-3.99,-8.48,0.5,332.18,326.37,4.020330706891706,6.130488
2002-02-26,17301.104742175554,22.30416762586394,0.09843172332523274,1.1920928955078125e-07,1.1920929e-07,1.1920929e-07,0.0,10.655997,-2.41,-6.65,1.83,321.04,376.87,3.8394789432446768,5.0510335
2002-02-27,17300.946241244405,18.457396606922924,0.088722837369971,1.1920928955078125e-07,1.1920929e-07,1.1920929e-07,0.0,10.655997,-1.195,-5.42,3.03,317.56,413.57,3.674404350843287,4.3280025
2002-02-28,17300.946241244405,14.788154905260619,0.060444264731081644,1.1920928955078125e-07,1.1920929e-07,1.1920929e-07,0.0,10.752,-3.615,-8.07,0.84,348.5,341.12,3.523565880118122,3.900294
2002-03-01,17300.946241244405,11.280712194434788,0.04646998507762565,1.1920928955078125e-07,1.1920929e-07,1.1920929e-07,0.0,10.848,-3.63,-8.37,1.11,353.85,329.03,3.38517085864752,3.442035
2002-03-02,17300.946241244405,7.918260072205532,0.038062139348428434,1.1920928955078125e-07,1.1920929e-07,1.1920929e-07,0.0,10.848,-1.45,-6.14,3.24,344.91,390.35,3.257602927185918,3.1365287
2002-03-03,17300.892266157767,4.738312829627277,0.03253642586203415,0.32498932180436313,1.1920929e-07,1.1920929e-07,0.0,10.9439945,3.62,-2.35,9.59,389.85,517.7,3.1413850893144777,2.9532251
2002-03-04,17300.44089163445,2.071705175351534,0.013974648177614646,0.2409619923561701,1.1920929e-07,1.1920929e-07,0.0,10.9439945,3.355,-1.25,7.96,333.46,562.48,3.047130740854348,2.8412063
2002-03-05,17301.278443935036,1.3011492183476951,0.006742847142299407,1.1920928955078125e-07,7.211119,0.068881184,7.28,11.04,-0.625,-3.47,2.22,182.45,480.94,3.020418262467632,2.8208392
2002-03-06,17311.391677654483,-0.2661027524131814,1.1920928955078125e-07,1.1920928955078125e-07,12.4,1.1920929e-07,12.4,11.046422,-4.09,-7.02,-1.16,209.46,367.85,0.19377115730131092,2.7088203
2002-03-07,17320.168927754108,-0.3761930018676818,1.1920928955078125e-07,1.1920928955078125e-07,4.59,1.1920929e-07,4.59,11.136003,-7.515,-11.53,-3.5,276.04,265.42,0.06729512995983783,2.4745991
2002-03-08,17326.85756669818,-0.42812317978587966,1.1920928955078125e-07,1.1920928955078125e-07,9.15,1.1920929e-07,9.15,11.2319975,-7.62,-10.66,-4.58,224.49,281.88,0.04038404802090906,2.3523967
2002-03-09,17334.445009351497,-0.4622601341967597,1.1920928955078125e-07,1.1920928955078125e-07,6.15,1.1920929e-07,6.15,11.2319975,-3.84,-7.97,0.29,292.2,344.76,0.028807248039892486,2.281112
2002-03-10,17344.10492392245,-0.4875949527903737,1.1920928955078125e-07,1.1920928955078125e-07,14.582942,0.01705777,14.6,11.328,-0.835,-3.01,1.34,159.54,494.54,0.022402436715159197,2.4236813
2002-03-11,17369.565581304203,-0.5079899686030838,1.1920928955078125e-07,1.1920928955078125e-07,42.750504,0.36949664,43.12,11.328,-0.635,-3.01,1.74,184.3,501.06,0.018290544295144994,6.354526
2002-03-12,17403.253910653002,-0.5248445224623264,1.1920928955078125e-07,1.1920928955078125e-07,29.29,1.1920929e-07,29.29,11.424,-2.605,-4.07,-1.14,119.18,462.86,0.015465403243556719,6.4970956
2002-03-13,17432.486975024854,-0.5391785012287911,1.1920928955078125e-07,1.1920928955078125e-07,23.68,7.05719e-07,23.68,11.520002,-1.965,-4.41,0.48,201.59,451.41,0.013407313764762016,4.7760777
2002-03-14,17456.208653151843,-0.5518122829763167,1.1920928955078125e-07,1.1920928955078125e-07,23.27,1.1920929e-07,23.27,11.520002,-3.26,-5.43,-1.09,184.31,421.9,0.011820748947939502,4.226167
2002-03-15,17477.34843019846,-0.5630499857263408,1.1920928955078125e-07,1.1920928955078125e-07,16.17,1.1920929e-07,16.17,11.615997,-4.18,-7.46,-0.9,263.61,363.76,0.010567422748147577,3.7780914
2002-03-16,17492.726744760694,-0.573118076103227,1.1920928955078125e-07,1.1920928955078125e-07,15.55,1.1920929e-07,15.55,11.615997,-5.66,-9.1,-2.22,280.71,319.33,0.0095574636999633,3.3809338
2002-03-17,17499.33951512746,-0.5822418687941917,1.1920928955078125e-07,1.1920928955078125e-07,1.36,1.1920929e-07,1.36,11.711994,-6.3,-10.59,-2.01,420.26,284.76,0.008725608135241474,3.0041428
2002-03-18,17507.715832721606,-0.59060272659701,1.1920928955078125e-07,1.1920928955078125e-07,18.23,1.1920929e-07,18.23,11.808002,-6.585,-10.4,-2.77,313.1,284.16,0.008026871522780398,2.739371
2002-03-19,17540.370712389882,-0.5983183527268057,1.1920928955078125e-07,1.1920928955078125e-07,46.1,1.1920929e-07,46.1,11.808002,-3.31,-5.5,-1.12,206.15,414.09,0.007431681269906669,3.4624019
2002-03-20,17587.258636469513,-0.6053877954247116,1.1920928955078125e-07,1.1920928955078125e-07,41.025425,0.004575677,41.03,11.903997,-1.07,-3.69,1.55,239.99,476.18,0.006925072771180793,4.358553
2002-03-21,17602.93061314376,0.9677299988757838,0.005891949280886435,1.1920928955078125e-07,1.1920929e-07,1.1920929e-07,0.0,11.903997,0.615,-3.46,4.69,429.95,483.46,3.0087535020543608,3.8697433
2002-03-22,17602.8756023549,-0.24378645289955572,1.1920928955078125e-07,0.29172044414428555,1.1920929e-07,1.1920929e-07,0.0,12.000006,3.515,-1.69,8.72,484.98,541.62,0.2383876100527061,3.8901105
2002-03-23,17602.57066783268,-0.23340101222158596,1.1920928955078125e-07,0.15444254707618477,1.1920929e-07,1.1920929e-07,0.0,12.096,3.085,-0.58,6.75,383.43,585.19,0.26220277235138106,3.9919457
2002-03-24,17602.553721874447,1.9968471223203748,0.012257000140908542,1.1920928955078125e-07,0.011205411,8.228794,8.24,12.096,0.5,-1.4,2.4,175.26,556.34,3.04452600413817,4.470572
2002-03-25,17602.556540795926,3.9270475820457067,0.027026309645257738,1.1920928955078125e-07,1.1920929e-07,1.71,1.71,12.192,2.055,-2.92,7.03,440.39,502.1,3.112405486058086,4.928831
2002-03-26,17602.556686290194,2.5730507239678064,0.015641460965219692,1.1920928955078125e-07,0.041480824,2.3785193,2.42,12.192,0.245,-3.89,4.38,388.33,466.17,3.064632912605973,4.6029577
2002-03-27,17606.635649885477,0.06538549812948738,0.00022335981813268404,1.1920928955078125e-07,6.55,1.9520522e-07,6.55,12.288,-2.125,-6.13,1.88,327.25,405.32,1.9592178957351352,4.2363505
2002-03-28,17613.8339889491,-0.3267236335103417,1.1920928955078125e-07,1.1920928955078125e-07,7.450369,0.009631355,7.46,12.383997,-0.825,-3.8,2.15,274.24,474.96,0.1088440721145731,4.093781
2002-03-29,17620.76242523816,-0.3967002785205392,1.1920928955078125e-07,1.1920928955078125e-07,5.9730134,0.006986676,5.98,12.383997,-0.835,-4.17,2.5,304.38,464.22,0.055036721321018084,3.8290093
2002-03-30,17623.328926851656,-0.25525709992428913,1.1920928955078125e-07,1.1920928955078125e-07,1.1920929e-07,1.1920929e-07,0.0,12.48,0.075,-2.91,3.06,372.63,507.5,0.21439158108738351,3.5846043
2002-03-31,17623.334926495016,-0.17442962936342385,1.1920928955078125e-07,1.1920928955078125e-07,0.0191882,0.9008118,0.92,12.48,0.225,-2.6,3.05,350.85,520.48,0.4418316201480113,3.4624019
2002-04-01,17623.489654937748,0.17340627121528807,0.0009127237979037599,1.1920928955078125e-07,0.29775894,2.822241,3.12,12.575997,0.065,-2.41,2.54,267.15,526.72,2.534292448626037,3.5133197
2002-04-02,17623.537937619065,-0.18247551462274056,1.1920928955078125e-07,1.1920928955078125e-07,1.1920929e-07,1.1920929e-07,0.0,12.672003,1.435,-3.14,6.01,483.06,487.77,0.41238012913107897,3.5438702
2002-04-03,17623.461625025444,-0.29004393293194064,1.1920928955078125e-07,0.3376599630237678,1.1920929e-07,1.1920929e-07,0.0,12.672003,3.66,-2.0,9.32,525.46,530.0,0.15462391238812379,3.615155
2002-04-04,17622.656364676328,-0.04796893162779501,1.1920928955078125e-07,1.276618242263794,1.1920929e-07,1.1920929e-07,0.0,12.768,6.625,-0.01,13.26,547.01,610.96,1.1371239525737786,4.012313
2002-04-05,17621.315590149465,0.6023652705285049,0.005705772156762586,1.1356964111328125,1.1920929e-07,3.51,3.51,12.768,6.18,0.89,11.47,419.84,651.02,2.9891729373760576,4.8066287
2002-04-06,17620.861405154857,3.3889094179503183,0.02371873018205076,1.1920928955078125e-07,4.3153761e-07,7.2399993,7.24,12.863997,1.515,-0.72,3.75,219.85,591.78,3.0933300258211154,5.3769064
2002-04-07,17621.41561709829,6.7847629898189945,0.043114101019085437,1.1920928955078125e-07,0.9368494,5.1231503,6.06,12.953581,0.01,-3.03,3.05,292.55,502.89,3.215691827252595,5.8657165
2002-04-08,17621.470382538097,6.105209451560215,0.047857822931960135,0.1511828491782552,1.1920929e-07,1.1920929e-07,0.0,12.960006,3.075,-4.49,10.64,582.04,442.78,3.1908242910928957,5.234337
2002-04-09,17621.227553361845,6.405878200332986,0.05163644495342419,0.24890224431764985,1.1920929e-07,7.74,7.74,13.056003,3.38,-0.41,7.17,310.69,597.11,3.2018031346092335,5.631495
2002-04-10,17621.155786019677,16.833332162534777,0.12456557261451054,1.1920928955078125e-07,1.1920929e-07,18.88,18.88,13.056003,2.115,0.26,3.97,183.94,630.94,3.6068603227812464,7.342329
2002-04-11,17621.144316703612,29.118352909629618,0.22953565871876416,0.10632721628542185,1.1920929e-07,12.56,12.56,13.152002,2.94,0.56,5.32,230.89,644.43,4.150306232256649,7.647835
2002-04-12,17620.763788705677,35.94003313737962,0.31823941819931373,0.6590960621833801,1.1920929e-07,10.51,10.51,13.152002,4.675,1.6,7.75,287.97,698.13,4.486680872542491,8.605087
2002-04-13,17620.024695640568,51.41176786850068,0.45567077725281924,0.6290115714073181,1.1920929e-07,30.09,30.09,13.248003,4.58,3.18,5.98,154.31,774.94,5.354100752139418,12.423913
2002-04-14,17622.203295966265,72.77347505304152,0.4599763005307313,1.1920928955078125e-07,26.626749,0.93325055,27.56,13.343994,-0.495,-5.7,4.71,406.81,417.22,6.833927508041647,24.440485
2002-04-15,17641.463994085952,65.8387830247015,0.35055986082164914,1.1920928955078125e-07,11.22,1.1920929e-07,11.22,13.343994,-2.935,-4.77,-1.1,189.01,441.67,6.313419305388321,13.136761
2002-04-16,17652.888199728517,59.41160566515082,0.33658510924442914,1.1920928955078125e-07,12.0,1.1920929e-07,12.0,13.440002,-2.16,-5.17,0.85,302.64,429.76,5.866470350089776,9.07353
2002-04-17,17664.3213743415,53.413883058572495,0.3228172431775553,1.1920928955078125e-07,10.219792,0.00020802797,10.22,13.440002,-1.24,-5.04,2.56,354.52,434.58,5.477972150570579,6.9146204
2002-04-18,17671.59689270595,48.0372416730517,0.3136089625328621,1.1920928955078125e-07,3.2271314,1.5228685,4.75,13.536,-0.235,-4.13,3.66,403.57,466.44,5.1516243599272284,5.70278
2002-04-19,17671.993927823936,44.47245819368315,0.323955129170747,1.1920928955078125e-07,1.1920929e-07,1.1920929e-07,0.0,13.536,1.355,-2.85,5.56,489.47,501.62,4.946043090919408,5.0408497
2002-04-20,17671.993927456406,38.99979815079458,0.27788845420228,1.1920928955078125e-07,1.1920929e-07,1.1920929e-07,0.0,13.631997,0.93,-2.5,4.36,441.46,518.34,4.646285341222955,4.664059
2002-04-21,17671.993938982214,35.26563062993453,0.25336695304241214,1.1920928955078125e-07,2.6862026e-05,1.8699732,1.87,13.721575,0.955,-2.03,3.94,397.38,539.44,4.452246531502742,4.358553
2002-04-22,17673.003561454596,31.4271093850233,0.1912395591157025,1.1920928955078125e-07,1.4199963,3.7240982e-06,1.42,13.728,-1.445,-4.46,1.57,415.56,461.37,4.261228187234698,4.226167
2002-04-23,17673.71879487991,27.083756927677253,0.18468958041514238,1.1920928955078125e-07,1.1920929e-07,1.1920929e-07,0.0,13.824003,0.09,-4.58,4.76,535.51,440.83,4.054951946042471,3.8595598
2002-04-24,17673.71998250035,22.9401163697003,0.1809052264717348,1.1920928955078125e-07,1.1920929e-07,1.1920929e-07,0.0,13.824003,2.21,-4.53,8.95,610.39,445.65,3.8674747049795632,3.5947878
2002-04-25,17673.50754103838,18.943184356544386,0.1698855740391227,0.45008817607324225,1.1920929e-07,1.1920929e-07,0.0,13.919997,4.015,-1.92,9.95,586.35,535.4,3.6948527111278255,3.5642374
2002-04-26,17673.32900222309,17.961345511508743,0.13340257619522977,1.1920928955078125e-07,5.3307413e-06,5.7699943,5.77,13.919997,1.23,-2.98,5.44,363.29,499.97,3.653640747571839,3.615155
2002-04-27,17677.666079138122,18.456208834409722,0.12364230141712904,1.1920928955078125e-07,10.224998,1.315001,11.54,14.016,-0.365,-2.44,1.71,215.9,521.05,3.6743544926422134,3.879927
2002-04-28,17678.9729085912,19.538131231235845,0.15856716219930003,1.1920928955078125e-07,1.1920929e-07,1.1920929e-07,0.0,14.016,2.43,-2.9,7.76,570.0,504.19,3.7200510185749587,3.5031362
2002-04-29,17678.506537184894,16.196517784735143,0.1643129410703221,0.9726072549819946,1.1920929e-07,1.1920929e-07,0.0,14.111995,5.665,-0.05,11.38,564.16,610.95,3.5807156787695367,3.5540538
2002-04-30,17677.141309595154,13.866456620614123,0.16268766553058464,1.6772156953811646,1.1920929e-07,1.1920929e-07,0.0,14.111995,7.89,3.22,12.56,482.41,776.4,3.4866591081631944,4.2159834
2002-05-01,17675.391639211553,12.01178562288567,0.13919964384082698,1.5837956666946411,1.1920929e-07,1.1920929e-07,0.0,14.208003,7.595,2.01,13.18,563.08,710.16,3.4135615363970695,5.183419
2002-05-02,17674.66099307345,9.263564094331349,0.07429452013574744,1.1920928955078125e-07,1.1920929e-07,1.1920929e-07,0.0,14.208003,2.055,-2.99,7.1,547.35,511.7,3.308055054872525,5.8759
2002-05-03,17674.84281395654,7.152960804251926,0.04955312633826536,1.1920928955078125e-07,1.6668013,1.4331986,3.1,14.304003,-0.175,-4.67,4.32,459.08,449.44,3.2292464885237724,5.2954383
2002-05-04,17675.96371149053,4.227682249224424,0.028420021605609178,1.1920928955078125e-07,1.1920929e-07,1.1920929e-07,0.0,14.311055,-0.615,-4.06,2.83,431.92,464.28,3.1231132937246184,4.6335087
2002-05-05,17681.16180903902,1.142511746218462,0.006691651296974304,1.1920928955078125e-07,10.92,1.1920929e-07,10.92,14.4,-2.665,-5.33,-0.0,278.62,432.86,3.014923198864146,4.37892
2002-05-06,17694.958083115307,-0.2761050819917973,1.1920928955078125e-07,1.1920928955078125e-07,14.99,1.1920929e-07,14.99,14.407056,-2.93,-6.71,0.85,361.73,385.81,0.176403924827453,3.9919457
2002-05-07,17707.387113096698,-0.3798097554939748,1.1920928955078125e-07,1.1920928955078125e-07,9.78,1.1920929e-07,9.78,14.496,-3.15,-6.64,0.34,337.63,385.19,0.06495443791939993,3.5846043
2002-05-08,17714.176170022216,0.4766726744410488,0.0034209217309978763,1.1920928955078125e-07,0.08896971,6.2310305,6.32,14.496,0.265,-6.05,6.58,459.77,404.42,2.96686700499502,3.350383
2002-05-09,17714.19032875035,0.27287131118612346,0.0019196984565508575,1.1920928955078125e-07,1.1920929e-07,1.1920929e-07,0.0,14.592003,0.675,-3.21,4.56,483.43,493.17,2.802161135514191,3.1365287
2002-05-10,17714.190283533004,-0.3257598417162024,1.1920928955078125e-07,1.1920928955078125e-07,1.1920929e-07,1.1920929e-07,0.0,14.592003,1.395,-3.66,6.45,567.5,478.55,0.10986032392486915,2.9023075
2002-05-11,17714.04607381131,-0.28028654355611643,1.1920928955078125e-07,0.5751762986183167,1.1920929e-07,1.1920929e-07,0.0,14.688,4.41,-1.59,10.41,592.37,548.98,0.16958465445745288,2.8615735
2002-05-12,17712.242979236955,0.17130036790571843,0.002171380047754897,2.6842520236968994,1.1920929e-07,1.1920929e-07,0.0,14.688,11.07,6.04,16.1,502.55,930.69,2.526163388739447,3.5540538
2002-05-13,17710.243024193547,-0.005257809799738167,1.1920928955078125e-07,1.256034016609192,1.1920929e-07,1.1920929e-07,0.0,14.784,6.56,0.35,12.77,567.57,640.35,1.448735886748601,5.1223183
2002-05-14,17709.62779628496,1.4379779033329676,0.012498828603242062,0.012586647811985152,1.1920929e-07,6.33,6.33,14.784,2.655,-1.14,6.45,346.06,578.53,3.025148314973492,5.366723
2002-05-15,17709.630432104725,1.614965157917428,0.014055492213798107,1.1920928955078125e-07,1.1920929e-07,1.1920929e-07,0.0,14.873578,2.585,-2.59,7.76,551.58,513.29,3.0312725037903285,5.0306664
2002-05-16,17709.147183801877,-0.10974761371779417,1.1920928955078125e-07,0.9124383926391602,1.1920929e-07,1.1920929e-07,0.0,14.88,5.475,-0.53,11.48,567.11,589.02,0.7436662433611422,4.7455273
2002-05-17,17708.173353273134,0.2848622557062144,0.0029209094354917756,1.037526249885559,1.1920929e-07,2.41,2.41,14.887058,5.87,-0.08,11.82,512.82,619.39,2.8220932977717146,5.183419
2002-05-18,17707.02805426215,-0.0053723145689415636,1.1920928955078125e-07,1.252867341041565,1.1920929e-07,1.1920929e-07,0.0,14.975997,6.55,3.14,9.96,384.71,770.05,1.4478827697658991,5.458375
2002-05-19,17705.67541683043,1.7959779812567387,0.021118709771938613,1.3985393047332764,1.1920929e-07,5.96,5.96,14.975997,7.01,2.98,11.04,337.72,769.49,3.0375475916115446,5.5805774
2002-05-20,17704.486089027625,5.783262219764527,0.061819876466627524,0.9076882600784302,1.1920929e-07,5.93,5.93,15.071998,5.46,1.4,9.52,347.01,693.12,3.1791102023462825,6.853519
2002-05-21,17703.877154598857,11.66076769301634,0.11008784849523565,0.31706956344845594,1.1920929e-07,11.03,11.03,15.071998,3.595,-0.01,7.2,318.9,631.96,3.3999004294054664,7.932974
2002-05-22,17703.695389418335,18.054222964045273,0.1638121900754767,0.12814706524762087,1.1920929e-07,7.77,7.77,15.071998,3.005,-0.91,6.92,338.89,587.96,3.6575194449087207,7.973708
2002-05-23,17703.511467587436,18.243751989201343,0.17514583096686503,0.3661653645624483,1.1920929e-07,0.57,0.57,15.168,3.75,-0.19,7.69,434.03,615.98,3.6654472315776565,7.2710443
2002-05-24,17702.734751926644,15.341208337834495,0.17585300843239815,1.213282585144043,1.1920929e-07,1.1920929e-07,0.0,15.168,6.425,0.3,12.55,578.86,625.83,3.545898593998169,6.5378294
2002-05-25,17701.026946327765,13.547177591018103,0.1882876769114537,2.1538164615631104,1.1920929e-07,0.51,0.51,15.175058,9.395,4.53,14.26,491.94,851.09,3.473964847167889,6.88407
2002-05-26,17698.891275163696,13.667549684113192,0.18630245814837115,2.028728485107422,1.1920929e-07,3.26,3.26,15.263997,9.0,5.44,12.56,323.1,913.07,3.4787453018605023,8.116278
2002-05-27,17696.670739973488,19.475470303702973,0.2827968783583408,2.3422396183013916,1.1920929e-07,10.96,10.96,15.263997,9.99,6.02,13.96,326.26,943.43,3.7173890089862107,10.11225
2002-05-28,17694.48219335074,28.33568870595854,0.3855560868824425,2.0176448822021484,1.1920929e-07,10.65,10.65,15.271052,8.965,5.3,12.63,316.9,906.54,4.11336300413891,13.0349245
2002-05-29,17692.650987548066,35.64560101825922,0.4522571443774726,1.6455481052398682,1.1920929e-07,9.56,9.56,15.359997,7.79,4.17,11.41,318.99,844.82,4.471614818994197,15.173468
2002-05-30,17691.17981268932,36.791171957757015,0.43681897230877825,1.3225363492965698,1.1920929e-07,1.1920929e-07,0.0,15.359997,6.77,0.98,12.56,573.72,676.71,4.53051961030269,11.914736
2002-05-31,17689.852240873224,33.26012094788309,0.4009996061731598,1.3969558477401733,1.1920929e-07,1.1920929e-07,0.0,15.359997,7.005,1.13,12.88,575.79,675.21,4.351400749385686,9.867846
2002-06-01,17688.331532685737,30.114876242788238,0.3818310399595552,1.6138801574707031,1.1920929e-07,1.1920929e-07,0.0,15.449575,7.69,2.58,12.8,522.56,741.39,4.197824583727252,8.778207
2002-06-02,17686.66974153042,27.27996710740325,0.35270471140773757,1.7073001861572266,1.1920929e-07,1.1920929e-07,0.0,15.456,7.985,2.16,13.81,565.81,723.68,4.064051359734112,8.4116
2002-06-03,17684.759590901343,24.81219517402257,0.3466645754994525,2.088897228240967,1.1920929e-07,1.1920929e-07,0.0,15.456,9.19,3.76,14.62,531.15,800.77,3.9510779776000056,8.218113
2002-06-04,17682.75831132615,24.406569478147798,0.3249603203833921,1.851388692855835,1.1920929e-07,4.43,4.43,15.456,8.44,4.87,12.01,304.65,878.19,3.932811510957114,8.625454
2002-06-05,17681.09676042621,28.608755670521116,0.35035009370069303,1.4270401000976562,1.1920929e-07,9.34,9.34,15.505464,7.1,1.82,12.38,399.34,722.93,4.126214778927787,11.507395
2002-06-06,17680.007183332535,30.00994734811977,0.31937795776282324,0.7366821765899658,1.1920929e-07,1.1920929e-07,0.0,15.552,4.92,0.2,9.64,504.0,637.12,4.192795620644076,10.387206
2002-06-07,17679.637089757187,29.236481176372287,0.26587943065292924,1.1920928955078125e-07,1.1920929e-07,6.47,6.47,15.552,2.575,-2.53,7.68,399.44,526.11,4.155910854955082,8.004258
2002-06-08,17679.63755134032,31.53859660322197,0.2515730296266129,1.1920928955078125e-07,0.0020456493,7.0779543,7.08,15.552,0.655,-3.29,4.6,337.97,499.99,4.266658887072046,6.5785637
2002-06-09,17679.369262910768,35.02301969241027,0.3966273811998365,1.0343594551086426,1.1920929e-07,8.55,8.55,15.552,5.86,0.97,10.75,384.39,663.66,4.4399237936695615,5.651862
2002-06-10,17677.620088698033,36.08846341449457,0.54099047444232,2.4055752754211426,1.1920929e-07,1.1920929e-07,0.0,15.559052,10.19,5.12,15.26,502.6,883.96,4.494295265306765,6.0592036
2002-06-11,17674.96118386049,33.768446054524446,0.5587159659177248,2.8742587566375732,1.1920929e-07,1.1920929e-07,0.0,15.641572,11.67,6.79,16.55,471.13,985.12,4.376743373782603,7.2201266
2002-06-12,17671.513407361235,32.27054271169375,0.6670362409083034,4.012716293334961,1.1920929e-07,1.1920929e-07,0.0,15.647997,15.265,10.19,20.34,465.49,1255.05,4.302485303066446,8.930961
2002-06-13,17666.91730856877,31.83902366854741,0.781968761628173,4.919998645782471,1.1920929e-07,1.1920929e-07,0.0,15.647997,18.13,12.71,23.55,467.31,1458.4,4.28132759271965,10.590877
2002-06-14,17662.396905491354,31.364987231643397,0.6612585638052685,4.115636825561523,1.1920929e-07,1.1920929e-07,0.0,15.647997,15.59,8.86,22.32,550.3,1150.72,4.258205128888488,12.016571
2002-06-15,17658.630792420317,30.287578254026702,0.555598716739251,3.396777391433716,1.1920929e-07,1.1920929e-07,0.0,15.647997,13.32,6.46,20.18,575.87,971.42,4.2061148696149155,11.711065
2002-06-16,17655.938579061076,28.340727121009305,0.39198572505321916,1.9780601263046265,1.1920929e-07,1.1920929e-07,0.0,15.647997,8.84,4.46,13.22,466.31,856.14,4.113599772032721,10.387206
2002-06-17,17654.401321019726,29.478446496016623,0.3430402393623644,1.1356964111328125,1.1920929e-07,9.01,9.01,15.647997,6.18,2.78,9.58,301.41,764.97,4.167414595068744,8.564353
2002-06-18,17653.593483228695,36.11071947137236,0.3721622239346654,0.5545921921730042,1.1920929e-07,10.44,10.44,15.647997,4.345,1.38,7.31,255.77,695.03,4.495438102508611,8.228296
2002-06-19,17652.829949037325,37.94709599902179,0.4522856402048504,1.251283884048462,1.1920929e-07,1.89,1.89,15.647997,6.545,0.52,12.57,532.77,644.41,4.590743291313056,7.05719
2002-06-20,17650.72971916621,35.71238359286407,0.6006420837091541,2.9550118446350098,1.1920929e-07,1.1920929e-07,0.0,15.647997,11.925,6.23,17.62,509.1,938.97,4.475027632496186,6.5683804
2002-06-21,17647.170618345728,34.17107404557018,0.7065354213923927,4.0142998695373535,1.1920929e-07,1.1920929e-07,0.0,15.647997,15.27,9.92,20.62,473.98,1233.5,4.396921162095608,8.004258
2002-06-22,17643.101916855412,33.16468169654492,0.6739165025481205,3.924046277999878,1.1920929e-07,1.1920929e-07,0.0,15.647997,14.985,8.85,21.12,516.33,1147.85,4.346658998810876,9.195732
2002-06-23,17639.68026011482,31.672419114334925,0.5278791914467476,2.9090933799743652,1.1920929e-07,1.1920929e-07,0.0,15.647997,11.78,6.44,17.12,507.82,982.25,4.273186711228418,8.971694
2002-06-24,17637.048085852803,29.59699250604605,0.46467129962262493,2.6082491874694824,1.1920929e-07,1.1920929e-07,0.0,15.647997,10.83,4.58,17.08,553.46,867.19,4.173062236209721,8.034809
2002-06-25,17633.658978971926,28.320569120724155,0.6074857547546227,4.205889701843262,1.1920929e-07,1.1920929e-07,0.0,15.647997,15.875,9.26,22.49,536.63,1180.7,4.112652578310362,8.717106
2002-06-26,17628.737749883658,28.40942282031548,0.7499927221924612,5.3063459396362305,1.1920929e-07,1.1920929e-07,0.0,15.647997,19.35,12.83,25.87,508.93,1469.04,4.116829317046743,10.692712
2002-06-27,17624.311404560984,31.39462917454265,0.5711137566873151,3.3540260791778564,1.1920929e-07,8.69,8.69,15.647997,13.185,6.94,19.43,449.63,1025.03,4.259647330954995,11.100053
2002-06-28,17621.783743992033,45.39208592553444,0.6132598424639696,1.862472653388977,1.1920929e-07,24.72,24.72,15.647997,8.475,4.98,11.97,267.43,893.18,4.998279414472589,12.729419
2002-06-29,17620.13153421351,68.08745964355735,0.8577925617163891,1.5204601287841797,1.1920929e-07,26.67,26.67,15.647997,7.395,3.74,11.05,290.44,827.3,6.477705548360939,19.145046
2002-06-30,17618.69968766739,74.32384593790242,0.9057649531939904,1.3589545488357544,1.1920929e-07,1.1920929e-07,0.0,15.647997,6.885,3.68,10.09,339.57,815.24,6.956044748454638,10.998218
2002-07-01,17617.345383882508,68.10513023840096,0.8381409958270449,1.4064561128616333,1.1920929e-07,1.1920929e-07,0.0,15.647997,7.035,1.52,12.55,519.29,697.65,6.479013330922368,7.882056
2002-07-02,17615.725417586316,62.61075274491976,0.8401198156597186,1.843471884727478,1.1920929e-07,1.1920929e-07,0.0,15.601469,8.415,2.43,14.4,531.47,733.37,6.084839208666309,6.9146204
2002-07-03,17613.848862407394,57.75840057480897,0.7693226117448164,1.822887897491455,1.1920929e-07,1.1920929e-07,0.0,15.552,8.35,2.89,13.81,510.26,763.44,5.7567143422865295,6.415627
2002-07-04,17612.393286347786,52.89975335696037,0.6030332616449782,1.066027283668518,1.1920929e-07,1.1920929e-07,0.0,15.552,5.96,1.23,10.69,466.92,688.14,5.445891950194267,5.804615
2002-07-05,17611.289038771167,50.645233612482116,0.6166244650202161,1.3842887878417969,1.1920929e-07,5.6,5.6,15.552,6.965,1.05,12.88,424.0,671.09,5.30742005966746,5.4176407
2002-07-06,17608.93218175495,49.73864708014382,0.9040124578107952,3.380943775177002,1.1920929e-07,1.1920929e-07,0.0,15.552,13.27,7.6,18.94,487.6,1047.79,5.252735460471692,6.0184693
2002-07-07,17605.178205768098,53.440638536359415,1.0674682056342524,3.867044448852539,1.1920929e-07,12.68,12.68,15.552,14.805,8.75,20.86,381.24,1140.99,5.4796467781467175,7.9838915
2002-07-08,17602.205629705877,62.889397590834186,0.9064426573621066,2.240902900695801,1.1920929e-07,11.98,11.98,15.463053,9.67,5.14,14.2,316.0,899.96,6.104239617015767,9.572523
2002-07-09,17599.38686065201,63.84372382459461,1.1967356474594268,3.570950508117676,1.1920929e-07,1.1920929e-07,0.0,15.456,13.87,7.1,20.64,540.18,1007.76,6.171153666625748,8.421783
2002-07-10,17594.7275129214,61.04186990700218,1.6785306712638335,5.5929388999938965,1.1920929e-07,1.1920929e-07,0.0,15.456,20.255,14.21,26.3,469.55,1618.7,5.97675236294264,9.806745
2002-07-11,17589.269478483948,58.98115102170406,1.4998743775540855,5.171757221221924,1.1920929e-07,1.1920929e-07,0.0,15.456,18.925,11.44,26.41,536.78,1355.41,5.837692640802118,11.100053
2002-07-12,17583.978672858073,56.99911600530031,1.4987481879994164,5.382348537445068,1.1920929e-07,1.1920929e-07,0.0,15.367059,19.59,13.45,25.73,471.4,1541.51,5.706996028126797,10.489041
2002-07-13,17579.000735057176,54.9657973067887,1.218282475045554,4.475066184997559,1.1920929e-07,1.1920929e-07,0.0,15.359997,16.725,8.16,25.29,566.76,1111.47,5.575957780821206,12.2202425
2002-07-14,17575.31929129574,52.12773601579519,0.8738778971596349,3.032597780227661,1.1920929e-07,1.1920929e-07,0.0,15.359997,12.17,5.02,19.32,544.88,887.6,5.3980728195263765,10.163168
2002-07-15,17572.370374090184,48.9446790589574,0.8273728296338336,3.076932907104492,1.1920929e-07,1.1920929e-07,0.0,15.353575,12.31,6.37,18.25,489.54,960.73,5.205306919082254,7.861689
2002-07-16,17568.854177738092,46.45730809286896,0.9248016582321544,3.946213960647583,1.1920929e-07,1.1920929e-07,0.0,15.263997,15.055,9.83,20.28,418.04,1223.41,5.059475723981959,7.6987524
2002-07-17,17564.824177821687,44.56236457675475,0.9045414672842114,4.047550678253174,1.1920929e-07,1.1920929e-07,0.0,15.263997,15.375,9.51,21.24,463.46,1198.27,4.951125747951743,7.759854
2002-07-18,17560.89531205248,42.72505399867188,0.819021220815183,3.753040313720703,1.1920929e-07,1.1920929e-07,0.0,15.257575,14.445,8.58,20.31,476.02,1131.43,4.84828717822891,7.505265
2002-07-19,17557.490102164535,40.592258495028034,0.6736698538807093,3.045264959335327,1.1920929e-07,1.1920929e-07,0.0,15.168,12.21,7.25,17.17,430.49,1046.27,4.731585578129422,7.3015947
2002-07-20,17554.68104010678,38.11198445067369,0.6170733054990404,2.9201769828796387,1.1920929e-07,1.1920929e-07,0.0,15.168,11.815,6.58,17.05,441.48,985.32,4.599398981119991,6.435994
2002-07-21,17551.11429708495,36.44376210286164,0.7594983845752544,4.22014045715332,1.1920929e-07,1.1920929e-07,0.0,15.161578,15.92,10.47,21.37,419.15,1274.37,4.512574424938428,6.6702156
2002-07-22,17546.21038635527,35.995263073274295,0.9559322931470399,5.540687561035156,1.1920929e-07,1.1920929e-07,0.0,15.071998,20.09,14.73,25.45,402.27,1672.89,4.489512630105144,8.055177
2002-07-23,17540.598505241887,36.14217970331897,0.9494845751870065,5.482102394104004,1.1920929e-07,1.1920929e-07,0.0,15.071998,19.905,13.93,25.88,436.53,1583.07,4.497054065170522,8.7680235
2002-07-24,17535.28496261413,36.04312146960479,0.8775500186035721,5.105255126953125,1.1920929e-07,1.1920929e-07,0.0,14.983053,18.715,13.39,24.04,405.73,1535.77,4.491967878302651,8.880043
2002-07-25,17530.455389115665,35.562810377201345,0.7710687494811544,4.492483615875244,1.1920929e-07,1.1920929e-07,0.0,14.975997,16.78,10.97,22.59,455.9,1318.34,4.4673875527313545,8.635638
2002-07-26,17526.599154988155,34.3052713447599,0.5869816131132857,3.2653560638427734,1.1920929e-07,1.1920929e-07,0.0,14.975997,12.905,7.93,17.88,431.13,1090.91,4.403667137185394,8.676372
2002-07-27,17523.774364762903,32.25383089074251,0.4675677300465267,2.460994005203247,1.1920929e-07,1.1920929e-07,0.0,14.88,10.365,5.61,15.12,424.23,931.37,4.3016639667106835,7.495082
2002-07-28,17521.074064612858,30.229622745638252,0.47076222409224533,2.8204236030578613,1.1920929e-07,1.1920929e-07,0.0,14.88,11.5,7.6,15.4,335.51,1049.69,4.203330983783756,7.943157
2002-07-29,17518.177701910794,28.50273342038201,0.4531984812497689,2.9581785202026367,1.1920929e-07,1.1920929e-07,0.0,14.784,11.935,6.62,17.25,449.27,989.87,4.121220127338645,10.183536
2002-07-30,17515.46021802335,26.719523579068717,0.3841092463951211,2.451493740081787,1.1920929e-07,1.1920929e-07,0.0,14.784,10.335,3.87,16.8,498.99,834.15,4.038114294671242,9.694725
2002-07-31,17513.368133530545,24.47926203794651,0.3049177761500432,1.7579689025878906,1.1920929e-07,1.1920929e-07,0.0,14.737467,8.145,1.06,15.23,522.75,668.84,3.9360788392172914,6.4563613
2002-08-01,17511.161245425606,22.48057131224258,0.3347589539323553,2.66050124168396,1.1920929e-07,1.1920929e-07,0.0,14.688,10.995,4.61,17.38,483.32,853.19,3.847224220307788,5.539843
2002-08-02,17508.928601953037,20.607829053998042,0.26055024292325174,1.8498055934906006,1.1920929e-07,1.1920929e-07,0.0,14.681575,8.435,1.5,15.37,514.07,694.7,3.7657899105560952,5.0408497
2002-08-03,17506.819479349982,18.725367272623572,0.25697328687659227,2.2852377891540527,1.1920929e-07,1.1920929e-07,0.0,14.592003,9.81,4.23,15.39,427.44,828.48,3.6856700580293484,4.470572
2002-08-04,17504.93868056494,22.217158714155353,0.25830938353242444,1.4697916507720947,1.1920929e-07,11.51,11.51,14.592003,7.235,2.59,11.88,292.35,755.35,3.8356644264122766,4.2567177
2002-08-05,17503.741779835036,30.76061649098814,0.3239552000763669,1.0232757329940796,1.1920929e-07,11.62,11.62,14.496,5.825,1.66,9.99,266.84,705.49,4.228906253859061,3.5846043
2002-08-06,17502.632494868554,40.32552137797888,0.44335857799745826,1.230699896812439,1.1920929e-07,14.62,14.62,14.496,6.48,2.66,10.3,249.83,753.61,4.717189375188214,3.2790983
2002-08-07,17501.277943699068,43.61749705474817,0.511631096895286,1.5774623155593872,1.1920929e-07,1.1920929e-07,0.0,14.4,7.575,3.12,12.03,382.59,778.4,4.897969736008975,3.02451
2002-08-08,17499.144182788743,40.4004200752883,0.5971006283345541,2.7222533226013184,1.1920929e-07,1.1920929e-07,0.0,14.4,11.19,5.85,16.53,414.7,922.86,4.721227341801745,3.2892818
2002-08-09,17495.849136442543,38.38422526899511,0.6949130943084363,3.791041612625122,1.1920929e-07,1.1920929e-07,0.0,14.304003,14.565,9.64,19.49,373.35,1206.02,4.613725780578488,4.562224
2002-08-10,17492.344034034155,36.67384813398905,0.5815396466364368,3.111767292022705,1.1920929e-07,1.1920929e-07,0.0,14.304003,12.42,7.39,17.45,407.67,1043.66,4.5244513731529326,6.089754
2002-08-11,17489.345474617097,34.649821954338435,0.535132200448723,3.0120136737823486,1.1920929e-07,1.1920929e-07,0.0,14.208003,12.105,6.48,17.73,450.06,980.07,4.421034818698308,5.6416783
2002-08-12,17485.848049140295,33.19199573805719,0.6303813396532425,4.074468612670898,1.1920929e-07,1.1920929e-07,0.0,14.208003,15.46,9.03,21.89,462.34,1153.89,4.348015526394128,6.0286527
2002-08-13,17480.928438007784,33.0376271475018,0.826565781595474,5.573938369750977,1.1920929e-07,1.1920929e-07,0.0,14.111995,20.195,15.19,25.2,365.07,1723.34,4.340354508556806,7.505265
2002-08-14,17475.628551295624,33.20126528668113,0.7380125162554171,4.938999652862549,1.1920929e-07,1.1920929e-07,0.0,14.111995,18.19,12.2,24.18,422.04,1404.42,4.348475986492586,7.861689
2002-08-15,17470.810594502444,32.95951898698876,0.690430552161903,4.660322666168213,1.1920929e-07,1.1920929e-07,0.0,14.016,17.31,10.73,23.89,451.9,1282.9,4.336483294388922,7.0164557
2002-08-16,17466.712250939898,32.12202501266329,0.5538908885489268,3.6469531059265137,1.1920929e-07,1.1920929e-07,0.0,14.009578,14.11,7.05,21.17,493.81,1008.09,4.295191591816266,6.181406
2002-08-17,17462.92200604452,31.085523653820033,0.5583217441779552,3.8907952308654785,1.1920929e-07,1.1920929e-07,0.0,13.919997,14.88,8.79,20.97,437.08,1135.81,4.244632060186728,5.723147
2002-08-18,17459.239846668595,30.021581424647863,0.4948111964572688,3.4806971549987793,1.1920929e-07,1.1920929e-07,0.0,13.831053,13.585,7.45,19.72,431.95,1028.34,4.193352913921161,4.928831
2002-08-19,17455.853535874085,28.76862762840125,0.45607701347948587,3.2843568325042725,1.1920929e-07,1.1920929e-07,0.0,13.824003,12.965,7.04,18.89,428.31,998.95,4.133757709524811,4.6844263
2002-08-20,17453.277566680106,30.662839655833142,0.35785317439121267,1.7864696979522705,1.1920929e-07,7.7,7.7,13.728,8.235,5.17,11.3,188.01,895.66,4.224185179559142,4.531673
2002-08-21,17451.70483778608,31.44558130710495,0.35901138094312585,1.6787991523742676,1.1920929e-07,1.1920929e-07,0.0,13.728,7.895,5.29,10.5,238.38,906.69,4.262127502648121,4.4298377
2002-08-22,17449.301420834356,29.251091219263888,0.44411604478111194,3.1355180740356445,1.1920929e-07,1.1920929e-07,0.0,13.631997,12.495,6.61,18.38,447.19,973.18,4.156604557506029,5.081584
2002-08-23,17445.65681091244,28.28293046112809,0.518198487861821,4.102969646453857,1.1920929e-07,1.1920929e-07,0.0,13.631997,15.55,11.15,19.95,331.19,1326.46,4.1108845788048916,5.448191
2002-08-24,17441.279347816584,28.016042738523065,0.5393662238904453,4.399063587188721,1.1920929e-07,1.1920929e-07,0.0,13.536,16.485,11.49,21.48,359.94,1349.19,4.098369853725935,5.448191
2002-08-25,17437.478829751577,27.24202550670786,0.412365755991627,3.156102418899536,1.1920929e-07,1.1920929e-07,0.0,13.536,12.56,9.11,16.01,273.66,1169.32,4.062290194708364,5.234337
2002-08-26,17434.83301764543,26.81496482784134,0.3424069098900071,2.3359062671661377,1.1920929e-07,2.62,2.62,13.440002,9.97,7.63,12.31,176.59,1067.51,4.04251954747386,5.7536974
2002-08-27,17432.069549450618,26.45865716065537,0.41185206632319044,3.371443271636963,1.1920929e-07,1.1920929e-07,0.0,13.343994,13.24,6.7,19.78,462.45,974.71,4.026098039378862,6.0795703
2002-08-28,17427.91716863128,26.12271649204135,0.5369408085986668,4.820245265960693,1.1920929e-07,1.1920929e-07,0.0,13.343994,17.815,13.63,22.0,307.35,1551.45,4.010676307018472,6.8331523
2002-08-29,17423.314861695108,26.19426383690969,0.4664111130191013,4.102969646453857,1.1920929e-07,1.1920929e-07,0.0,13.248003,15.55,8.91,22.19,442.59,1103.56,4.0139558095250285,7.047006
2002-08-30,17419.996286413665,25.12211679205332,0.33773776576509196,2.6652514934539795,1.1920929e-07,1.1920929e-07,0.0,13.248003,11.01,4.75,17.27,452.28,857.81,3.965091775618931,5.519476
2002-08-31,17417.196553567574,23.656468528861907,0.33535354894102853,2.9692623615264893,1.1920929e-07,1.1920929e-07,0.0,13.152002,11.97,6.9,17.04,389.45,994.86,3.8992545411567865,4.9390144
2002-09-01,17414.389184153115,22.27843799517158,0.2973374258308497,2.6652514934539795,1.1920929e-07,1.1920929e-07,0.0,13.152002,11.01,6.52,15.5,351.16,975.23,3.8383505477313036,5.998102
2002-09-02,17411.67241811541,20.897843121136855,0.28189087515001743,2.755504608154297,1.1920929e-07,1.1920929e-07,0.0,13.056003,11.295,5.88,16.71,414.73,933.2,3.7782871508574263,6.8331523
2002-09-03,17409.60797584536,18.98434151331761,0.19318409035920606,1.3985393047332764,1.1920929e-07,1.1920929e-07,0.0,12.960006,7.01,0.78,13.24,449.66,658.3,3.6965903676386067,5.7740645
2002-09-04,17408.211100643835,16.555616173199258,0.1707347384953454,1.4634582996368408,1.1920929e-07,1.1920929e-07,0.0,12.960006,7.215,1.89,12.54,397.39,699.18,3.5954352021063016,3.6864398
2002-09-05,17406.52579624756,14.518663171992383,0.16151301380908334,1.870389461517334,1.1920929e-07,1.1920929e-07,0.0,12.863997,8.5,2.86,14.14,404.5,747.48,3.512734624094992,2.912491
2002-09-06,17404.72578498895,12.689592916930472,0.13597765182983876,1.6867163181304932,1.1920929e-07,1.1920929e-07,0.0,12.863997,7.92,3.29,12.55,335.86,770.38,3.440096336931672,2.4847825
2002-09-07,17403.20995131265,11.725513833467257,0.11617796172776514,1.3415372371673584,1.1920929e-07,2.37,2.37,12.768,6.83,1.63,12.03,331.46,691.9,3.4024161363146352,2.2403777
2002-09-08,17402.054115113366,13.085155555492383,0.1211823770383786,1.0517767667770386,1.1920929e-07,4.99,4.99,12.672003,5.915,1.65,10.18,244.16,693.74,3.455677032575916,1.9857893
2002-09-09,17400.37660668564,15.538140738646502,0.1936565809815255,2.508495807647705,1.1920929e-07,3.13,3.13,12.672003,10.515,5.48,15.55,331.27,904.38,3.553885001052885,2.5764344
2002-09-10,17397.197886525053,16.259240889796526,0.2577707701019193,3.7704575061798096,1.1920929e-07,1.1920929e-07,0.0,12.575997,14.5,9.64,19.36,332.62,1193.68,3.5832823623216066,3.7373574
2002-09-11,17393.325426725805,16.2873522038265,0.265097905706981,3.9066293239593506,1.1920929e-07,1.1920929e-07,0.0,12.575997,14.93,8.6,21.26,405.63,1090.22,3.5844332985210414,4.55204
2002-09-12,17389.147352143314,16.595883170576087,0.2953789653033468,4.413314342498779,1.1920929e-07,1.1920929e-07,0.0,12.48,16.53,11.61,21.45,328.62,1353.29,3.5970895237067753,4.72516
2002-09-13,17384.739929451134,17.097094183353597,0.302140883508157,4.416481018066406,1.1920929e-07,1.1920929e-07,0.0,12.383997,16.54,10.72,22.36,365.88,1265.26,3.617744996059249,4.1956162
2002-09-14,17380.07688913197,17.805957135631328,0.33223886690924204,4.7030744552612305,1.1920929e-07,1.1920929e-07,0.0,12.383997,17.445,12.02,22.87,346.36,1382.26,3.6471606985858966,4.837179
2002-09-15,17376.082418741127,17.84632323794892,0.24722700430057465,3.197270154953003,1.1920929e-07,1.1920929e-07,0.0,12.288,12.69,7.94,17.44,345.17,1079.09,3.648842951113998,4.562224
2002-09-16,17373.694312055228,21.644497996657485,0.21700367229238757,1.5853791236877441,1.1920929e-07,10.61,10.61,12.288,7.6,3.98,11.22,222.33,841.94,3.8106530548225113,4.5011225
2002-09-17,17372.596118907346,23.991441962303806,0.20910158934499665,0.9456896185874939,1.1920929e-07,1.1920929e-07,0.0,12.192,5.58,2.43,8.73,250.57,745.95,3.914204586763984,3.3809338
2002-09-18,17371.3505099105,20.975028862576274,0.20705946351771584,1.5837956666946411,1.1920929e-07,1.1920929e-07,0.0,12.103056,7.595,3.04,12.15,322.18,759.81,3.781620208802017,2.9837759
2002-09-19,17369.360898484854,20.224941827685566,0.23398844916224903,2.369157314300537,1.1920929e-07,2.17,2.17,12.096,10.075,4.61,15.54,316.24,847.88,3.7493538846043544,4.2159834
2002-09-20,17367.270248355246,19.428100465852285,0.19451732748487918,1.69463312625885,1.1920929e-07,1.1920929e-07,0.0,12.000006,7.945,3.12,12.77,324.08,765.16,3.715377871608949,3.8493762
2002-09-21,17365.510070324814,17.33212747593197,0.18549656433290204,2.022394895553589,1.1920929e-07,1.1920929e-07,0.0,12.000006,8.98,4.1,13.86,314.31,809.01,3.6274717929350437,2.9532251
2002-09-22,17362.616611725804,16.41043819299551,0.24408612894450019,3.724539041519165,1.1920929e-07,1.1920929e-07,0.0,11.903997,14.355,8.52,20.19,360.71,1108.23,3.589477051770194,3.1365287
2002-09-23,17358.629231437455,16.548862692663274,0.26220995357899485,4.052300930023193,1.1920929e-07,1.1920929e-07,0.0,11.903997,15.39,9.64,21.14,338.3,1193.61,3.595157817919392,3.482769
2002-09-24,17354.830619302527,16.502705137297347,0.23552821814302055,3.5535330772399902,1.1920929e-07,1.1920929e-07,0.0,11.808002,13.815,8.86,18.77,299.82,1141.09,3.593262571893326,3.5031362
2002-09-25,17351.386545982456,16.133333518166133,0.21803886796745234,3.3160245418548584,1.1920929e-07,1.1920929e-07,0.0,11.711994,13.065,8.82,17.31,262.82,1142.56,3.5781319829131593,3.3401995
2002-09-26,17348.27322674895,15.474928664359895,0.19195694960239423,2.8805923461914062,1.1920929e-07,1.1920929e-07,0.0,11.711994,11.69,6.86,16.52,288.73,982.77,3.5513195369303694,2.8106556
2002-09-27,17345.886348862783,14.166171186286476,0.1431758797328798,1.900473952293396,1.1920929e-07,1.1920929e-07,0.0,11.615997,8.595,4.49,12.7,261.59,839.54,3.498617709404734,2.230194
2002-09-28,17343.572707773586,12.858531930246492,0.15047690289147303,2.628833532333374,1.1920929e-07,1.1920929e-07,0.0,11.615997,10.895,6.58,15.21,268.56,919.32,3.4467420111204916,2.1385424
2002-09-29,17341.88280016096,13.449285521317886,0.1053575454209901,0.7065976858139038,1.1920929e-07,5.21,5.21,11.520002,4.825,-0.04,9.69,233.36,623.71,3.470082007604522,2.454232
2002-09-30,17341.676448737653,12.673554784527868,0.08020998678712682,1.1920928955078125e-07,1.1920929e-07,1.1920929e-07,0.0,11.424,1.78,-1.64,5.2,253.24,556.02,3.439466099856686,1.6599163
2002-10-01,17341.676848430645,11.505183025997473,0.07541194331218745,1.1920928955078125e-07,1.1920929e-07,4.9,4.9,11.424,2.295,-2.31,6.9,244.37,520.62,3.3938628003690905,1.446062
2002-10-02,17341.29100472362,13.468312621225577,0.10622009572152334,0.8190183639526367,1.1920929e-07,5.24,5.24,11.328,5.18,0.77,9.59,217.66,633.56,3.470836367987143,1.3340431
2002-10-03,17340.352753741467,29.91729477402697,0.2435533224595965,0.9710237979888916,1.1920929e-07,31.35,31.35,11.328,5.66,3.19,8.13,126.61,770.78,4.188360037814362,4.6742425
2002-10-04,17339.49313430561,51.439616638529806,0.39668821301249746,0.752515971660614,1.1920929e-07,20.1,20.1,11.2319975,4.97,2.28,7.66,167.23,743.07,5.355804404495244,4.338186
2002-10-05,17338.736770523607,61.14480038410777,0.47515539663171313,0.8301022052764893,1.1920929e-07,10.05,10.05,11.136003,5.215,3.08,7.35,133.86,778.44,5.983784445257581,3.5540538
2002-10-06,17337.598535112123,60.35145216431993,0.5332315905323963,1.4492077827453613,1.1920929e-07,1.1920929e-07,0.0,11.136003,7.17,3.65,10.69,257.03,810.89,5.929797027439064,3.8901105
2002-10-07,17336.0228252686,55.24342904356123,0.5063934979813799,1.6708823442459106,1.1920929e-07,1.1920929e-07,0.0,11.04,7.87,3.93,11.81,269.96,821.41,5.593670972511513,3.4013007
2002-10-08,17334.296868037745,51.01410993737234,0.4697485175307534,1.693049669265747,1.1920929e-07,1.1920929e-07,0.0,11.04,7.94,3.64,12.24,284.69,799.4,5.329833006929409,2.9837759
2002-10-09,17332.905278412283,46.976533733197925,0.3792028901872947,1.0961116552352905,1.1920929e-07,1.1920929e-07,0.0,10.9439945,6.055,1.77,10.34,287.46,710.44,5.0895759432128695,2.780105
2002-10-10,17332.438782325145,43.547155669486706,0.2708588884538973,1.1920928955078125e-07,1.1920929e-07,2.49,2.49,10.848,2.285,-1.31,5.88,218.42,572.91,4.894035396229862,2.2912953
2002-10-11,17332.47862654869,39.671105458291606,0.21487112809721678,1.1920928955078125e-07,1.1920929e-07,1.1920929e-07,0.0,10.848,0.265,-2.84,3.37,214.2,505.37,4.682054848678371,1.9450552
2002-10-12,17332.34750509905,35.803203170595204,0.25608907830256245,0.6020939350128174,1.1920929e-07,1.47,1.47,10.752,4.495,-0.79,9.78,260.7,579.82,4.479672997551961,1.8534034
2002-10-13,17331.093620442545,33.04047053832497,0.308501887815043,1.890973448753357,1.1920929e-07,1.1920929e-07,0.0,10.752,8.565,3.57,13.56,284.04,796.34,4.340495498503958,2.057074
2002-10-14,17328.953765955997,30.597155934895238,0.30859085319442536,2.3169054985046387,1.1920929e-07,1.1920929e-07,0.0,10.655997,9.91,5.21,14.61,267.02,892.73,4.221016654849193,2.169093
2002-10-15,17326.125324091485,28.916670290613915,0.34555063831279026,3.1703526973724365,1.1920929e-07,1.1920929e-07,0.0,10.655997,12.605,7.95,17.26,260.01,1074.69,4.140754816901743,2.2709284
2002-10-16,17322.937528409282,27.65638283412359,0.3302749163335681,3.213104248046875,1.1920929e-07,1.1920929e-07,0.0,10.560002,12.74,8.61,16.87,230.06,1127.43,4.081565159870787,2.586618
2002-10-17,17319.610543286482,26.597634153383705,0.32506190501184323,3.377776861190796,1.1920929e-07,1.1920929e-07,0.0,10.464,13.26,7.82,18.7,278.68,1063.8,4.03249526098212,2.5560672
2002-10-18,17316.593551900645,25.312231867228487,0.2615792296781359,2.5290796756744385,1.1920929e-07,1.1920929e-07,0.0,10.464,10.58,4.41,16.75,299.89,830.97,3.9737128389690195,2.4236813
2002-10-19,17314.592312879628,28.77343266017381,0.23823883013520047,1.4808753728866577,1.1920929e-07,12.26,12.26,10.367997,7.27,3.67,10.87,169.33,796.65,4.133984629399582,2.586618
2002-10-20,17313.42609430168,38.157573843895676,0.28609770416249886,1.0011082887649536,1.1920929e-07,11.47,11.47,10.367997,5.755,3.74,7.77,105.91,813.31,4.601795039131828,2.8004723
2002-10-21,17312.315728974598,39.494266781502176,0.3126644377823169,1.3082858324050903,1.1920929e-07,1.1920929e-07,0.0,10.272,6.725,3.47,9.98,212.74,793.15,4.672605660932187,2.454232
2002-10-22,17310.61745481923,36.27273062589786,0.3344431491699043,2.054062843322754,1.1920929e-07,1.1920929e-07,0.0,10.272,9.08,5.44,12.72,218.16,908.92,4.503766054931284,1.9348717
2002-10-23,17308.731796954962,33.41639596120994,0.27744382637615617,1.5853791236877441,1.1920929e-07,1.1920929e-07,0.0,10.176,7.6,4.01,11.19,200.69,813.73,4.359176202180813,1.7923021
2002-10-24,17307.6873452417,29.946893407118807,0.2048907764824217,0.6559292078018188,1.1920929e-07,1.1920929e-07,0.0,10.168944,4.665,0.67,8.66,215.41,636.43,4.189776511214755,1.6395491
2002-10-25,17307.078973338852,26.263274231349584,0.174418145953892,0.5561756491661072,1.1920929e-07,1.1920929e-07,0.0,10.08,4.35,-0.16,8.86,238.25,601.82,4.017121566959609,1.6497327
2002-10-26,17306.5619261586,22.685097188210083,0.14421497038355835,0.39150138567562465,1.1920929e-07,1.1920929e-07,0.0,9.990422,3.83,-0.08,7.74,213.36,604.58,3.856223806873546,1.6293656
2002-10-27,17306.03962555115,19.292165446148132,0.1271135722042337,0.5640926361083984,1.1920929e-07,1.1920929e-07,0.0,9.984,4.375,1.08,7.67,190.33,650.7,3.709612643326551,1.4969797
2002-10-28,17305.87980761429,15.789096927989107,0.08250568929368296,1.1920928955078125e-07,7.8231096e-07,0.20999922,0.21,9.887998,1.09,-1.23,3.41,141.08,570.39,3.564088363411564,1.4969797
2002-10-29,17307.117010740192,12.48770172252458,0.0545806283772742,1.1920928955078125e-07,2.839995,4.993677e-06,2.84,9.887998,-1.485,-4.43,1.46,157.3,456.15,3.4321712035294416,1.3849608
2002-10-30,17308.590625173718,9.077556389426602,0.03605155303679736,1.1920928955078125e-07,1.1920929e-07,1.1920929e-07,0.0,9.792003,-2.705,-5.93,0.52,179.12,396.77,3.301033041540584,1.2322078
2002-10-31,17308.598826678266,5.807973649108899,0.024519556208079923,1.1920928955078125e-07,1.1920929e-07,1.1920929e-07,0.0,9.792003,-1.84,-5.59,1.91,198.83,407.38,3.180007804913149,1.140556
2002-11-01,17308.598492234083,2.6649547096786286,0.014740227776867237,1.1920928955078125e-07,1.1920929e-07,1.1920929e-07,0.0,9.696003,2.21,-1.76,6.18,200.51,540.03,3.067852202965005,1.1507394
2002-11-02,17308.333244912377,0.016084796771931913,5.549901118734674e-05,0.5561756491661072,1.1920929e-07,1.1920929e-07,0.0,9.696003,4.35,-0.6,9.3,230.05,588.62,1.6076334878207836,1.1711066
2002-11-03,17307.60578965022,-0.09635717208127029,1.1920928955078125e-07,0.8491028547286987,1.1920929e-07,1.1920929e-07,0.0,9.6,5.275,0.48,10.07,226.62,633.17,0.8209202877476627,1.1711066
2002-11-04,17306.729025097862,-0.08421673454514692,1.1920928955078125e-07,0.9013547301292419,1.1920929e-07,1.1920929e-07,0.0,9.6,5.44,0.81,10.07,213.27,643.77,0.8951060125450054,1.18129
2002-11-05,17305.757602244008,0.8080559634023261,0.005621942374718858,1.061277151107788,1.1920929e-07,4.28,4.28,9.504003,5.945,2.38,9.51,130.69,728.67,3.002529174867654,1.2118406
2002-11-06,17304.330930268323,3.025313425075897,0.024396138755827513,1.7769694328308105,1.1920929e-07,3.65,3.65,9.504003,8.205,5.53,10.88,114.19,912.75,3.0805078118461484,1.425695
2002-11-07,17302.761668403233,8.276348256076798,0.05840141378949643,1.176864504814148,1.1920929e-07,10.12,10.12,9.408,6.31,2.39,10.23,148.59,737.58,3.270956457041271,1.4562455
2002-11-08,17302.221633139652,17.23477487019648,0.09318978829017995,1.1920928955078125e-07,1.1920929e-07,13.62,13.62,9.408,2.32,0.24,4.4,85.51,636.25,3.623439709797749,1.6293656
2002-11-09,17302.216057758047,28.348134133415133,0.14109101907229804,1.1920928955078125e-07,1.24597545e-05,16.079987,16.08,9.318422,1.245,-0.52,3.01,71.93,599.95,4.113947871064795,1.6497327
2002-11-10,17302.216131014196,37.73586738271116,0.18614784482989064,1.1920928955078125e-07,2.8874874e-05,11.009972,11.01,9.312,1.125,-0.66,2.91,71.84,592.68,4.5796788062366955,1.5682644
2002-11-11,17302.2181630794,42.68439904300998,0.23072238554730873,1.1920928955078125e-07,1.1920929e-07,9.5,9.5,9.26253,2.545,0.31,4.78,91.7,637.35,4.846035945918659,1.4766126
2002-11-12,17301.88415763664,52.78377154342324,0.32307205454549764,0.5941769480705261,1.1920929e-07,20.1,20.1,9.216,4.47,1.18,7.76,130.78,678.96,5.4386810320522825,3.6253386
2002-11-13,17301.58101743159,65.04065665858414,0.3457909241853623,1.1920928955078125e-07,1.1920929e-07,15.67,15.67,9.216,2.375,0.05,4.7,94.0,627.41,6.256116323683188,3.309649
2002-11-14,17301.58254084411,70.63203780597928,0.33347728751645594,1.1920928955078125e-07,0.0007012796,9.359299,9.36,9.119997,0.79,-1.42,3.0,93.34,567.28,6.668771785090189,2.8615735
2002-11-15,17301.442582377585,71.52622866362134,0.43510788088064584,0.6147610545158386,1.1920929e-07,7.56,7.56,9.119997,4.535,-0.19,9.26,155.31,606.62,6.737244180134803,2.01634
2002-11-16,17300.80210541755,74.50919069548013,0.43565408800291383,0.47700602364393774,1.1920929e-07,12.36,12.36,9.024003,4.1,0.52,7.68,126.85,632.11,6.970788970843787,2.4847825
2002-11-17,17300.69670259761,83.23698006489019,0.3752922760186982,1.1920928955078125e-07,0.25854218,20.011457,20.27,9.024003,0.275,-1.22,1.77,64.45,573.06,7.701652690268883,3.0346935
2002-11-18,17300.81054663345,93.53419846031308,0.45839533552574285,1.1920928955078125e-07,1.5163421e-06,16.959997,16.96,9.016947,1.5,-0.35,3.35,75.08,604.31,8.663083074820744,2.6477191
2002-11-19,17300.584790102126,109.27032942084938,0.6698090447469085,0.752515971660614,1.1920929e-07,33.29,33.29,8.928,4.97,2.9,7.04,84.67,761.99,10.369208611744371,10.489041
2002-11-20,17298.889910903465,115.43798567608462,1.0340523625941995,2.6082491874694824,1.1920929e-07,1.1920929e-07,0.0,8.928,10.83,5.21,16.45,199.99,888.78,11.126172258627745,6.9960885
2002-11-21,17296.109194454377,106.59695580719942,0.9518637210250085,2.6430838108062744,1.1920929e-07,1.1920929e-07,0.0,8.838422,10.94,6.35,15.53,185.7,948.36,10.05731272146169,5.478742
2002-11-22,17294.028845956047,98.26392067830191,0.6939754113530373,1.4872090816497803,1.1920929e-07,1.1920929e-07,0.0,8.831997,7.29,3.98,10.6,154.98,815.18,9.144047862987694,4.266901
2002-11-23,17293.319817237636,89.68709349792162,0.47556864577576746,0.11477505672753718,1.1920929e-07,1.1920929e-07,0.0,8.831997,2.965,0.12,5.81,144.76,629.72,8.290590774274445,3.4725854
2002-11-24,17293.28342113756,81.40000475393269,0.37749610265152944,1.1920928955078125e-07,1.1920929e-07,1.1920929e-07,0.0,8.742422,1.145,-2.03,4.32,149.93,531.25,7.5417125126436035,2.7088203
2002-11-25,17292.897709843215,74.13858686556185,0.45196389587438407,0.8301022052764893,1.1920929e-07,1.1920929e-07,0.0,8.736,5.215,-0.77,11.2,198.84,577.24,6.941338506888522,2.3320296
2002-11-26,17291.758900063163,68.11348509917111,0.475349453581604,1.4824588298797607,1.1920929e-07,1.1920929e-07,0.0,8.736,7.275,3.46,11.09,163.58,790.44,6.479631757506598,2.1589096
2002-11-27,17289.964427730338,63.123332583818026,0.4930551107771257,2.08573055267334,1.1920929e-07,1.1920929e-07,0.0,8.646422,9.18,5.45,12.91,157.38,909.78,6.1205748957033705,2.057074
2002-11-28,17287.597006030144,59.01004526526424,0.5149416242702793,2.64150071144104,1.1920929e-07,1.1920929e-07,0.0,8.64,10.935,6.23,15.64,171.93,942.07,5.839619915270659,2.036707
2002-11-29,17284.985204601442,55.4052284832879,0.47007265110287194,2.5005786418914795,1.1920929e-07,1.1920929e-07,0.0,8.64,10.49,6.69,14.29,153.21,975.12,5.604019884684407,1.9756058
2002-11-30,17282.69410376325,51.76989225171168,0.399240836880952,2.0303118228912354,1.1920929e-07,1.1920929e-07,0.0,8.632941,9.005,5.14,12.87,154.26,888.96,5.37605044589327,1.8432199
2002-12-01,17281.397286607884,47.48503800454527,0.2741511088655465,0.6765133142471313,1.1920929e-07,1.1920929e-07,0.0,8.544,4.73,0.71,8.75,158.79,642.3,5.1192281891466545,1.7617515
2002-12-02,17281.14746737448,42.51905127039788,0.20843626597488907,1.1920928955078125e-07,1.1920929e-07,1.1920929e-07,0.0,8.544,2.295,-1.56,6.15,157.12,549.32,4.8368907250054685,1.7006503
2002-12-03,17280.928067195106,37.81597707467287,0.21096289604512486,0.5134240968913844,1.1920929e-07,1.1920929e-07,0.0,8.544,4.215,0.06,8.37,161.45,608.58,4.583871934609333,1.6395491
2002-12-04,17280.508772107187,38.46568564060822,0.20707682694300594,0.3487458076818939,1.1920929e-07,9.67,9.67,8.536944,3.695,1.35,6.04,81.03,669.48,4.61802133863629,1.6395491
2002-12-05,17280.037332376793,38.86496187670599,0.2204651832691753,0.6464289426803589,1.1920929e-07,1.1920929e-07,0.0,8.448,4.635,1.01,8.26,148.01,652.7,4.6391338351872875,1.5682644
2002-12-06,17278.994532766887,35.146728982642024,0.23321204907086937,1.4001224040985107,1.1920929e-07,1.1920929e-07,0.0,8.448,7.015,2.75,11.28,157.17,742.16,4.446202990347055,1.4867961
2002-12-07,17277.73888553695,31.822680975915702,0.19973056147549417,1.1309462785720825,1.1920929e-07,1.1920929e-07,0.0,8.448,6.165,2.17,10.16,151.71,719.78,4.280528345994133,1.446062
2002-12-08,17276.44097782347,28.720450117931158,0.19138045902898884,1.4207067489624023,1.1920929e-07,1.1920929e-07,0.0,8.448,7.08,3.32,10.84,144.09,779.07,4.131483192469122,1.3951443
2002-12-09,17275.195476484514,25.700705939787607,0.15459824145138215,0.9266889095306396,1.1920929e-07,1.1920929e-07,0.0,8.448,5.52,2.07,8.97,136.39,714.23,3.991387125627134,1.3544102
2002-12-10,17274.900489861313,29.36878967486376,0.126553545646016,1.1920928955078125e-07,0.0050322656,18.304968,18.31,8.398531,0.66,-2.92,4.24,106.45,501.51,4.162197248368872,1.9654223
2002-12-11,17275.361418668497,54.99931991219093,0.23270019613283272,1.1920928955078125e-07,0.072260916,41.32774,41.4,8.352,0.475,-2.83,3.78,99.68,506.4,5.5780935766674205,3.8595598
2002-12-12,17275.367651009834,83.34625033022893,0.399804141096614,1.1920928955078125e-07,1.1920929e-07,26.59,26.59,8.352,2.31,-0.89,5.51,93.97,577.86,7.711272718709359,6.415627
2002-12-13,17275.369338817894,96.21486841714479,0.44005475817359907,1.1920928955078125e-07,5.337596e-07,17.91,17.91,8.352,1.61,-1.88,5.1,101.31,543.56,8.932485846320649,6.0795703
2002-12-14,17275.29354629721,108.3801044663674,0.5605593339121799,0.26318390563320726,1.1920929e-07,26.64,26.64,8.352,3.425,0.73,6.12,80.29,650.16,10.264288630738463,9.429954
2002-12-15,17274.935600438206,119.01094299951588,0.5616504478848897,1.1920928955078125e-07,1.1920929e-07,16.55,16.55,8.352,2.07,-0.73,4.87,83.38,592.2,11.589711508235403,8.330132
2002-12-16,17279.76686081273,121.21861883272403,0.4719359490927735,1.1920928955078125e-07,21.624016,0.075986534,21.7,8.352,-0.725,-3.67,2.22,90.91,481.11,11.885727618077187,7.2812276
2002-12-17,17294.88968863743,109.68638361394632,0.36567226251204227,1.1920928955078125e-07,8.71,1.1920929e-07,8.71,8.352,-2.93,-4.8,-1.06,62.52,439.49,10.418610933729738,5.3361726
2002-12-18,17303.2498259225,99.494467733383,0.323652096320634,1.1920928955078125e-07,6.89,1.1920929e-07,6.89,8.352,-3.275,-5.46,-1.09,73.31,420.82,9.273500898853605,4.2363505
2002-12-19,17307.99788834742,90.36622010935164,0.32528221946411323,1.1920928955078125e-07,2.4899998,1.4841557e-07,2.49,8.352,-1.845,-4.13,0.44,81.41,459.75,8.355162345957186,3.5540538
2002-12-20,17311.177786920412,82.0833622601876,0.2976573070916736,1.1920928955078125e-07,1.1920929e-07,1.1920929e-07,0.0,8.352,-1.74,-4.27,0.79,105.41,460.58,7.600818786499258,3.1263454
2002-12-21,17316.89540731509,74.51862407944826,0.2611482649092846,1.1920928955078125e-07,7.1,1.1920929e-07,7.1,8.352,-2.225,-3.77,-0.68,52.69,471.88,6.9715402341593755,2.8004723
2002-12-22,17322.475202468853,67.57376084636887,0.22768901256008184,1.1920928955078125e-07,4.63,1.1920929e-07,4.63,8.352,-2.78,-4.52,-1.04,74.45,446.47,6.439802391946623,2.545884
2002-12-23,17326.051813291935,61.142984085254724,0.21533497800841947,1.1920928955078125e-07,1.1920929e-07,1.1920929e-07,0.0,8.352,-2.155,-5.3,0.99,124.98,416.91,5.983660286294405,2.3422132
2002-12-24,17329.14777886678,55.150372433522335,0.1734816865708626,1.1920928955078125e-07,1.1920929e-07,1.1920929e-07,0.0,8.352,-3.745,-6.58,-0.91,122.81,382.82,5.587727604075187,2.169093
2002-12-25,17333.805335203127,49.55060340334937,0.1956865058864714,1.1920928955078125e-07,9.705086,0.26491472,9.97,8.352,-0.52,-2.38,1.34,62.85,517.15,5.241463558542639,2.1283588
2002-12-26,17341.514523088896,44.29825182609851,0.14984585598548705,1.1920928955078125e-07,8.41,1.1920929e-07,8.41,8.352,-2.725,-5.17,-0.28,84.34,429.5,4.936209567119412,2.2200108
2002-12-27,17348.64934948178,39.35125895315643,0.15320479577218132,1.1920928955078125e-07,13.283323,0.04667744,13.33,8.352,-0.725,-3.89,2.44,103.68,469.18,4.664978137236677,3.3707502
2002-12-28,17356.152817843777,34.68016608514303,0.12678034331513413,1.1920928955078125e-07,11.639996,4.8565867e-06,11.64,8.352,-1.625,-4.05,0.8,83.62,461.62,4.422567646072087,2.8717568
2002-12-29,17366.565106236965,30.25729923946274,0.09209001084363114,1.1920928955078125e-07,7.69,1.1920929e-07,7.69,8.352,-4.205,-7.54,-0.87,113.87,363.62,4.204660190884409,2.5560672
2002-12-30,17382.464530953155,26.054964398988975,0.09458230890132968,1.1920928955078125e-07,19.999998,2.9802322e-06,20.0,8.352,-1.725,-3.95,0.5,84.36,463.34,4.007573236816233,2.6884532
2002-12-31,17405.605824150254,22.050381574515743,0.08224286777403794,1.1920928955078125e-07,24.96983,0.00016892522,24.97,8.358422,-1.35,-3.73,1.03,91.46,473.95,3.828363418791982,2.9023075
2003-01-01,17414.75865424137,32.85128800567358,0.1556771263718385,1.1920928955078125e-07,1.1920929e-07,22.97,22.97,8.440945,1.975,-1.02,4.97,108.63,570.6,4.33112483249036,4.03268
2003-01-02,17414.755017613985,50.480284997729356,0.2520876667486568,0.035980815793645426,1.1920929e-07,22.31,22.31,8.448,2.735,1.11,4.36,65.61,663.97,5.2974282915941675,7.7394867
2003-01-03,17414.67769075839,61.69034766765114,0.3119436408957216,0.09951657139543624,1.1920929e-07,11.86,11.86,8.448,2.92,-0.31,6.15,112.26,605.35,6.021193928750066,8.778207
2003-01-04,17414.608139937056,70.39473577783434,0.3514172589971146,0.0343625319648011,1.1920929e-07,18.83,18.83,8.448,2.73,-1.73,7.19,135.8,551.57,6.650717591378473,11.711065
2003-01-05,17414.58679168391,80.00686411121053,0.40129665313016044,0.05795842433156562,1.1920929e-07,13.82,13.82,8.448,2.8,-3.29,8.89,150.1,493.51,7.422634139256606,9.755827
2003-01-06,17413.506946963847,79.21789962607511,0.6003500677868295,2.0239782333374023,1.1920929e-07,1.1920929e-07,0.0,8.494531,8.985,4.21,13.76,181.45,824.69,7.356033387530671,6.660032
2003-01-07,17411.615189547207,73.45644465990621,0.5302886837640105,1.7563855648040771,1.1920929e-07,1.1920929e-07,0.0,8.544,8.14,4.1,12.18,170.92,818.14,6.887456174082676,5.5500264
2003-01-08,17409.98488589531,67.91739593798131,0.4593578526517555,1.4381240606307983,1.1920929e-07,1.1920929e-07,0.0,8.544,7.135,2.53,11.74,182.84,732.4,6.4651327958664275,4.8473625
2003-01-09,17409.201560170433,62.055798871946514,0.31341482092616624,0.035980815793645426,1.1920929e-07,1.1920929e-07,0.0,8.544,2.735,-1.19,6.66,170.56,565.13,6.046384512700802,4.317819
2003-01-10,17409.20518869858,55.895595758535656,0.2474201402063765,1.1920928955078125e-07,1.1920929e-07,1.1920929e-07,0.0,8.550425,0.79,-2.67,4.25,153.02,505.9,5.635501535779456,3.8290093
2003-01-11,17409.205528378323,51.17506096541955,0.26118862054300085,0.03275949336751349,1.1920929e-07,2.63,2.63,8.64,2.725,-0.65,6.1,150.27,583.29,5.339642036022148,3.5031362
2003-01-12,17409.203266726312,55.22393124004938,0.2718144879729333,1.1920928955078125e-07,1.1920929e-07,15.89,15.89,8.64,2.19,0.27,4.11,75.61,626.45,5.592425157461706,4.8575463
2003-01-13,17409.208736048422,62.4283353698765,0.3151917193456496,1.1920928955078125e-07,1.1920929e-07,9.63,9.63,8.64,2.565,0.4,4.73,86.49,633.87,6.072171962841631,4.1345153
2003-01-14,17409.593119571746,59.83493378805486,0.2403459755989667,1.1920928955078125e-07,1.1920929e-07,1.1920929e-07,0.0,8.728945,-0.91,-4.28,2.46,167.24,461.89,5.894909977768994,4.0835977
2003-01-15,17409.61078234604,53.869073473720874,0.2518703296182178,1.1920928955078125e-07,1.1920929e-07,1.1920929e-07,0.0,8.736,1.275,-3.61,6.16,200.93,474.48,5.5065323963836,3.442035
2003-01-16,17409.515523759168,48.370927903071646,0.2635377510132875,0.29647422078107866,1.1920929e-07,1.1920929e-07,0.0,8.736,3.53,0.28,6.78,163.17,621.34,5.171300044174108,3.0957947
2003-01-17,17408.414317727475,44.13370322801227,0.33217625677073,1.802303671836853,1.1920929e-07,1.1920929e-07,0.0,8.824942,8.285,3.56,13.01,196.0,793.63,4.926939156339979,2.912491
2003-01-18,17406.31410687486,41.055966125731125,0.32977895623313586,2.1189815998077393,1.1920929e-07,1.1920929e-07,0.0,8.831997,9.285,3.16,15.41,213.18,768.91,4.756717233840803,2.8004723
2003-01-19,17405.226424106448,37.222125190176655,0.20045624630619205,0.1899476810909846,1.1920929e-07,1.1920929e-07,0.0,8.831997,3.195,-0.32,6.71,167.68,601.05,4.552879362886902,2.7088203
2003-01-20,17404.911762573243,32.90198104150503,0.18811574624778737,0.4215867933958819,1.1920929e-07,1.1920929e-07,0.0,8.928,3.925,0.22,7.63,181.39,617.03,4.333633794558557,2.5560672
2003-01-21,17404.72646957083,32.44133736458718,0.16867907057045606,1.1920928955078125e-07,1.1920929e-07,9.49,9.49,8.928,2.515,0.54,4.49,82.25,632.39,4.310888349392803,2.8004723
2003-01-22,17404.496523436384,45.202583973351544,0.2626253355188307,0.49759015469667744,1.1920929e-07,24.4,24.4,8.928,4.165,1.05,7.28,125.56,667.6,4.987470463662763,4.9797487
2003-01-23,17404.331740873316,59.78402525216669,0.2970502971284485,1.1920928955078125e-07,4.49121e-07,15.07,15.07,9.024003,1.69,0.63,2.75,52.86,650.95,5.891482608995624,6.2730575
2003-01-24,17404.224454516167,69.34868033645057,0.395294871572853,0.35666393138599695,1.1920929e-07,16.93,16.93,9.024003,3.72,2.2,5.24,67.39,718.75,6.571713391060331,5.6824126
2003-01-25,17403.602351071346,79.51238359995199,0.5074827154090042,0.8475194573402405,1.1920929e-07,17.06,17.06,9.112942,5.27,2.86,7.68,106.7,758.4,7.380822182801448,5.325989
2003-01-26,17402.892482275958,99.582146132264,0.5779125020604066,0.39150138567562465,1.1920929e-07,38.62,38.62,9.119997,3.83,0.22,7.44,145.56,642.63,9.282794267912685,16.700998
2003-01-27,17402.830747215125,113.67651911898021,0.5147828841438962,1.1920928955078125e-07,0.34742156,9.892578,10.24,9.126422,0.175,-1.57,1.92,78.71,563.1,10.904517439038246,10.489041
2003-01-28,17404.01912289678,109.56804157677892,0.5029561798824252,1.1920928955078125e-07,0.16860911,8.321391,8.49,9.216,0.23,-2.84,3.3,139.68,508.29,10.40453508284275,7.3015947
2003-01-29,17404.03904868594,110.97811684850426,0.5487133022575251,1.1920928955078125e-07,8.248687e-06,19.769993,19.77,9.216,1.31,-0.97,3.59,101.78,573.48,10.573496278330923,7.6172843
2003-01-30,17403.997440835657,132.6213823910064,0.7563400657297039,0.2107274029555395,1.1920929e-07,48.23,48.23,9.312,3.26,1.06,5.46,100.69,664.84,13.539398371856588,13.544102
2003-01-31,17403.845392103736,166.53784037675834,0.7303175926208496,1.1920928955078125e-07,1.1920929e-07,76.99,76.99,9.312,2.375,-0.44,5.19,128.07,607.18,44.65112325329955,40.326797
2003-02-01,17412.696824426814,161.36144968348341,0.5875465273857117,1.1920928955078125e-07,24.209581,0.010417916,24.22,9.408,-0.935,-2.4,0.53,72.85,528.38,39.47473256002463,22.912954
2003-02-02,17429.820565056743,135.84718650126084,0.5786616087427497,1.1920928955078125e-07,12.609335,0.00066442724,12.61,9.408,-1.145,-2.98,0.69,97.52,509.95,14.024864029689553,13.0349245
2003-02-03,17443.31486643378,122.30601791473781,0.462338735783303,1.1920928955078125e-07,14.38,1.1920929e-07,14.38,9.504003,-2.98,-5.68,-0.28,137.54,423.66,12.034298728352672,9.317935
2003-02-04,17448.43869989372,110.58865756569553,0.4322148204090044,1.1920928955078125e-07,1.1920929e-07,1.1920929e-07,0.0,9.504003,-2.51,-7.25,2.23,256.87,367.11,10.526557234547123,6.873886
2003-02-05,17448.068381933193,100.22595735719784,0.45446708896197335,1.1920928955078125e-07,1.1920929e-07,1.1920929e-07,0.0,9.592944,-0.525,-5.42,4.37,262.23,412.49,9.351320157589107,5.723147
2003-02-06,17448.07068498354,90.88807002956584,0.4302565682531883,1.1920928955078125e-07,1.1920929e-07,1.1920929e-07,0.0,9.6,0.085,-3.96,4.13,244.78,459.76,8.40512149616279,4.816812
2003-02-07,17448.07560525935,82.4106067576438,0.4665937029287977,1.1920928955078125e-07,1.1920929e-07,1.1920929e-07,0.0,9.688945,2.565,-1.95,7.08,256.35,529.13,7.629287255514184,3.9919457
2003-02-08,17448.08047828252,74.67380018405467,0.4084238992617313,1.1920928955078125e-07,1.1920929e-07,1.1920929e-07,0.0,9.696003,2.045,-2.09,6.18,251.3,526.99,6.983909898619288,3.4318514
2003-02-09,17448.0820569034,67.58350659292411,0.36499085436188716,1.1920928955078125e-07,1.1920929e-07,1.1920929e-07,0.0,9.784947,1.725,-2.77,6.22,262.06,500.21,6.440519411772623,3.1059783
2003-02-10,17448.081901338966,61.044082473246206,0.3023883715278815,1.1920928955078125e-07,1.1920929e-07,1.1920929e-07,0.0,9.792003,0.455,-5.55,6.46,291.82,411.23,5.976903435773293,2.892124
2003-02-11,17447.855363160088,55.16281616706432,0.3644305167576217,0.6226780414581299,1.1920929e-07,1.1920929e-07,0.0,9.887998,4.56,0.22,8.9,256.74,617.5,5.588521998399769,2.6477191
2003-02-12,17446.993207821833,50.22944600169446,0.35399938006303167,0.9314390420913696,1.1920929e-07,1.1920929e-07,0.0,9.887998,5.535,0.97,10.1,258.9,650.82,5.2822697518285455,2.4033144
2003-02-13,17446.38049258127,45.38476354799664,0.2849737473453352,0.33607617218594044,1.1920929e-07,1.1920929e-07,0.0,9.984,3.655,-0.49,7.8,253.87,590.69,4.997861320586454,2.2607448
2003-02-14,17446.21559927612,40.42874885906669,0.2377945447323587,0.020627133830569133,1.1920929e-07,1.1920929e-07,0.0,9.984,2.685,-0.33,5.7,207.74,601.33,4.722755514561454,2.0978081
2003-02-15,17446.17086083621,36.114425590489674,0.21635447866317162,0.063165132825179,1.1920929e-07,1.84,1.84,10.08,2.815,-0.16,5.79,198.76,605.25,4.495628438063927,1.9857893
2003-02-16,17448.635865504046,35.552649548410365,0.16775324468549518,1.1920928955078125e-07,11.893845,0.076155536,11.97,10.08,-0.665,-2.49,1.16,108.75,525.71,4.466869019145245,2.0978081
2003-02-17,17463.88146336816,31.07240590274489,0.14524940223473964,1.1920928955078125e-07,19.59157,0.008430684,19.6,10.176,-0.935,-3.26,1.39,140.52,494.39,4.243996017551314,2.2607448
2003-02-18,17479.05674862951,26.800397391008403,0.12384392961778008,1.1920928955078125e-07,10.959095,0.0009054279,10.96,10.176,-1.1,-4.17,1.97,181.04,462.0,4.04184685205665,2.0061564
2003-02-19,17496.814080158423,22.737298381552012,0.11288021024535802,1.1920928955078125e-07,8.295702,5.284298,13.58,10.272,-0.205,-2.37,1.96,135.51,521.16,3.8585241440499223,2.0061564
2003-02-20,17529.634238750645,18.865929314608422,0.08821044727428996,1.1920928955078125e-07,24.067446,0.002553737,24.07,10.278422,-1.075,-2.83,0.68,113.84,509.73,3.691593206028571,2.6782696
2003-02-21,17566.464638783695,15.172941535438586,0.0722900666958878,1.1920928955078125e-07,42.62072,0.019280137,42.64,10.367997,-0.93,-2.33,0.47,95.35,526.76,3.5390889135131682,6.0184693
2003-02-22,17595.404479596633,11.645262726902702,0.05161971911001055,1.1920928955078125e-07,20.63,6.148219e-07,20.63,10.464,-2.09,-4.37,0.19,148.29,458.77,3.399298261103022,5.8453493
2003-02-23,17606.29380634632,8.271151450545974,0.029761186671552146,1.1920928955078125e-07,2.82,1.1920929e-07,2.82,10.464,-5.01,-10.08,0.06,312.7,308.39,3.2707622711510473,3.9817622
2003-02-24,17606.996597505815,5.037682006479228,0.01692383904810074,1.1920928955078125e-07,1.1920929e-07,1.1920929e-07,0.0,10.560002,-6.08,-11.52,-0.64,350.12,268.6,3.1521470264465234,3.2485478
2003-02-25,17606.996576766498,1.926744731417434,0.010392715320928145,1.1920928955078125e-07,1.1920929e-07,1.1920929e-07,0.0,10.560002,0.595,-6.04,7.23,363.92,390.95,3.0420887594533856,2.606985
2003-02-26,17606.99657676663,-0.2162616320249944,1.1920928955078125e-07,1.1920928955078125e-07,1.1920929e-07,1.1920929e-07,0.0,10.655997,-0.695,-4.96,3.57,299.84,423.46,0.30622674562826185,2.3523967
2003-02-27,17606.994064735813,-0.3613166810388594,1.1920928955078125e-07,1.1920928955078125e-07,1.1920929e-07,1.1920929e-07,0.0,10.655997,-1.115,-5.91,3.68,336.02,400.65,0.07781893887475298,2.1792765
2003-02-28,17610.259648216914,-0.4193737312113804,1.1920928955078125e-07,1.1920928955078125e-07,6.74,1.1920929e-07,6.74,10.752,-2.22,-4.84,0.4,160.59,433.09,0.04402612241857023,2.0672576
2003-03-01,17613.539455780767,-0.44624829697008483,1.1920928955078125e-07,1.1920928955078125e-07,1.1920929e-07,1.1920929e-07,0.0,10.848,0.06,-5.51,5.63,359.07,413.25,0.03375875724397989,1.9552387
2003-03-02,17616.5323635302,-0.176297657418952,1.1920928955078125e-07,1.1920928955078125e-07,8.00564,0.03436041,8.04,10.848,-0.705,-2.97,1.56,162.89,493.5,0.43484266194106364,1.883954
2003-03-03,17625.81750292295,-0.35350760585400137,1.1920928955078125e-07,1.1920928955078125e-07,9.94,1.1920929e-07,9.94,10.9439945,-2.755,-6.22,0.71,222.87,403.6,0.08396788062547837,1.9043211
2003-03-04,17633.73673879973,-0.3872512357320091,1.1920928955078125e-07,1.1920928955078125e-07,5.939885,0.120114826,6.06,10.9439945,-0.55,-4.1,3.0,230.95,461.11,0.060386139242419125,1.7312009
2003-03-05,17645.983890022577,-0.4294612617713562,1.1920928955078125e-07,1.1920928955078125e-07,17.65,1.1920929e-07,17.65,11.04,-2.855,-4.65,-1.06,121.21,449.23,0.03985389038594394,2.2912953
2003-03-06,17680.944751668103,-0.4638756591032393,1.1920928955078125e-07,1.1920928955078125e-07,42.38,1.1920929e-07,42.38,11.046422,-4.135,-5.34,-2.93,89.62,424.94,0.02834949688788758,2.2912953
2003-03-07,17717.748290102503,-0.4889288922219736,1.1920928955078125e-07,1.1920928955078125e-07,30.24,1.1920929e-07,30.24,11.136003,-3.915,-5.91,-1.92,152.51,407.43,0.02210746682189086,2.0774412
2003-03-08,17739.091775845027,-0.508901248430822,1.1920928955078125e-07,1.1920928955078125e-07,13.91,1.1920929e-07,13.91,11.2319975,-2.42,-5.69,0.85,226.56,413.19,0.018125451196733977,1.9654223
2003-03-09,17747.962670330304,5.314084083316371,0.031273606982446384,1.1920928955078125e-07,0.00024636267,18.959753,18.96,11.2319975,0.965,-0.17,2.1,94.63,603.51,3.1621160575723493,4.1548824
2003-03-10,17747.96270117688,20.768140695763226,0.12600075726035587,1.1920928955078125e-07,1.0036825e-05,18.70999,18.71,11.328,1.285,0.45,2.12,79.66,638.86,3.7726929161969913,5.061217
2003-03-11,17747.963414756992,32.87981559260388,0.19215813929391415,1.1920928955078125e-07,0.0017339516,14.038266,14.04,11.328,0.74,-0.08,1.56,77.25,618.66,4.332536576139209,5.692596
2003-03-12,17747.943866606445,50.0033055900335,0.34667938399990655,0.16742003281700413,1.1920929e-07,30.46,30.46,11.424,3.125,0.61,5.64,203.59,646.17,5.268640964239668,13.340431
2003-03-13,17747.646547351887,72.73577337545393,0.5321247728776323,0.38200053249204835,1.1920929e-07,25.43,25.43,11.520002,3.8,1.81,5.79,167.77,707.55,6.830984734426802,22.403778
2003-03-14,17747.255023066686,83.70095553297794,0.6076412733917284,0.34557844704785623,1.1920929e-07,12.43,12.43,11.520002,3.685,1.3,6.07,196.21,683.71,7.74258344691406,18.126692
2003-03-15,17747.075715285242,85.0561064855341,0.5781352928946115,1.1920928955078125e-07,1.1920929e-07,7.24,7.24,11.615997,2.585,-1.44,6.61,290.45,569.36,7.8633812284453235,12.525748
2003-03-16,17747.07588111866,81.9860498279002,0.526705484875606,1.1920928955078125e-07,1.1920929e-07,3.76,3.76,11.615997,1.755,-2.55,6.06,315.41,517.75,7.592373650268185,9.93913
2003-03-17,17747.551720235922,77.40998533359998,0.4386353894042774,1.1920928955078125e-07,2.2527707,1.6672293,3.92,11.711994,-0.19,-4.72,4.34,309.52,444.82,7.205662523275199,8.20793
2003-03-18,17750.725281990563,70.59138248978013,0.401323689048659,1.1920928955078125e-07,2.5886416,0.95135826,3.54,11.808002,-0.26,-4.87,4.35,323.86,438.52,6.665675209522835,6.792418
2003-03-19,17750.91800732063,68.05676051222717,0.4713508626563893,0.004705022020127236,1.1920929e-07,6.25,6.25,11.808002,2.62,-0.16,5.4,240.76,608.3,6.47543416484198,5.9370008
2003-03-20,17750.9182146241,69.6386283522527,0.42812176570245564,1.1920928955078125e-07,0.0012384518,11.648761,11.65,11.903997,0.755,-1.57,3.08,198.69,556.81,6.593517460723949,5.8555326
2003-03-21,17750.918412191957,82.18445834436547,0.5155953482276509,1.1920928955078125e-07,0.00016239821,29.139835,29.14,11.903997,1.05,-1.13,3.23,189.08,572.21,7.609602230953163,6.619298
2003-03-22,17761.805052468862,95.55756007098574,0.5365791605924299,1.1920928955078125e-07,33.764355,0.20564677,33.97,12.000006,-0.67,-4.16,2.82,277.95,475.74,8.865662033023455,13.238596
2003-03-23,17787.792933113622,86.65967147316483,0.456245086711933,1.1920928955078125e-07,17.759996,3.1757354e-06,17.76,12.096,-1.705,-5.03,1.62,273.24,437.41,8.008759419740134,8.706923
2003-03-24,17800.165677264136,78.58282407554857,0.4143040447919878,1.1920928955078125e-07,8.759998,2.0885468e-06,8.76,12.096,-1.685,-8.3,4.93,371.4,342.72,7.302857598643316,6.252691
2003-03-25,17805.387644453716,75.3362110741737,0.47353942404435556,1.1920928955078125e-07,0.0015232802,11.158477,11.16,12.192,0.73,-1.76,3.22,217.48,542.04,7.0369604255440406,5.3565392
2003-03-26,17813.894850654426,73.49269050892669,0.4172423445839708,1.1920928955078125e-07,16.988619,0.0513824,17.04,12.192,-0.74,-4.3,2.82,302.11,458.42,6.89030867883918,5.163052
2003-03-27,17825.84104914382,71.53361847382357,0.43585685515137845,1.1920928955078125e-07,0.57650775,14.853492,15.43,12.288,0.165,-4.03,4.36,329.89,467.45,6.737812971818429,4.6538754
2003-03-28,17825.885933273585,73.48155061070294,0.4988361151905873,1.1920928955078125e-07,1.1920929e-07,3.45,3.45,12.383997,1.625,-4.76,8.01,422.64,443.45,6.889431856510737,4.124332
2003-03-29,17825.46385430087,68.07152027204766,0.6271199131100885,1.137279748916626,1.1920929e-07,1.1920929e-07,0.0,12.383997,6.185,-0.08,12.45,494.56,610.01,6.476526118308832,3.920661
2003-03-30,17823.70879270604,62.484778817019716,0.7160472811465179,2.1664836406707764,1.1920929e-07,1.1920929e-07,0.0,12.48,9.435,4.8,14.07,403.97,863.33,6.07608863257446,5.0408497
2003-03-31,17822.53863781276,63.61423563541241,0.4612613581669401,1.1920928955078125e-07,1.1920929e-07,12.24,12.24,12.48,2.48,-1.63,6.59,303.1,567.64,6.154996066068212,8.543986
2003-04-01,17825.50467578146,64.53488867873226,0.37543068953567693,1.1920928955078125e-07,8.859636,0.010363179,8.87,12.575997,-0.835,-4.66,2.99,308.88,446.92,6.220073282599431,7.3932467
2003-04-02,17832.90079126592,58.19287751048527,0.3149225718557741,1.1920928955078125e-07,5.96,1.7762184e-07,5.96,12.672003,-1.975,-7.48,3.53,379.37,364.94,5.785358693584156,5.631495
2003-04-03,17839.051541151723,52.30441476716118,0.25196225245407255,1.1920928955078125e-07,11.17,1.1920929e-07,11.17,12.672003,-3.615,-6.84,-0.39,292.07,382.66,5.408979202758616,4.72516
2003-04-04,17845.805598989446,46.80933782203498,0.249363839243273,1.1920928955078125e-07,7.7,1.1920929e-07,7.7,12.768,-2.305,-7.33,2.72,370.66,364.38,5.079863871314427,4.022496
2003-04-05,17854.47184628491,41.65376318058412,0.20311681430689213,1.1920928955078125e-07,8.29,1.1920929e-07,8.29,12.768,-3.55,-6.58,-0.52,270.89,387.78,4.789313228438447,3.5947878
2003-04-06,17866.596154540828,36.76714861137663,0.21787666235653844,1.1920928955078125e-07,14.280832,0.009167389,14.29,12.863997,-0.895,-3.97,2.18,278.85,466.64,4.5292764095676015,3.4725854
2003-04-07,17870.753512274467,39.793733472239815,0.28074059515659117,1.1920928955078125e-07,5.662441e-07,9.499999,9.5,12.953581,1.53,-2.1,5.16,311.68,532.76,4.688618564407571,3.2892818
2003-04-08,17870.55148403657,44.11324829927541,0.3798179294241637,0.5957604050636292,1.1920929e-07,8.91,8.91,12.960006,4.475,0.77,8.18,306.49,651.5,4.925787974944706,3.6864398
2003-04-09,17870.253186563703,47.16898614200179,0.358896551843874,1.1920928955078125e-07,1.1920929e-07,7.32,7.32,13.056003,2.525,-3.12,8.17,381.86,499.14,5.100778103628073,5.4176407
2003-04-10,17869.992359413456,48.04669011284293,0.4093108073897673,0.5102572428873415,1.1920929e-07,4.81,4.81,13.056003,4.205,1.66,6.75,217.47,690.95,5.15218045245658,5.3565392
2003-04-11,17869.51198592491,44.96303949708118,0.38149849733720487,0.45642178608189354,1.1920929e-07,1.1920929e-07,0.0,13.152002,4.035,0.6,7.47,379.78,650.24,4.97384059316011,6.252691
2003-04-12,17868.89169184057,43.75364833461936,0.39575008210376356,0.7604329586029053,1.1920929e-07,7.52,7.52,13.152002,4.995,0.78,9.21,319.61,652.41,4.905593947819901,5.9471846
2003-04-13,17868.276652799734,49.90625538347778,0.4204363255210971,0.3883344491181333,1.1920929e-07,13.72,13.72,13.248003,3.82,-0.81,8.45,347.18,588.05,5.262802835439095,6.588747
2003-04-14,17868.183036348717,54.905120064421354,0.3957640712962767,1.1920928955078125e-07,9.715557e-07,6.519999,6.52,13.343994,1.41,-3.29,6.11,353.61,495.82,5.572093985321491,6.0795703
2003-04-15,17868.183777854825,53.5479731659091,0.4094186566230752,1.1920928955078125e-07,1.1920929e-07,3.24,3.24,13.343994,2.275,-1.83,6.38,343.44,546.93,5.486370009434104,5.21397
2003-04-16,17868.070077996617,51.84919425184149,0.43313996873382055,0.28062607046522103,1.1920929e-07,5.65,5.65,13.440002,3.48,-1.42,8.38,360.71,565.51,5.3809230771763366,4.664059
2003-04-17,17868.045753753813,57.08315947083249,0.3794972481843427,1.1920928955078125e-07,0.7611184,13.818881,14.58,13.440002,0.13,-3.51,3.77,302.95,489.02,5.71247803226805,5.000116
2003-04-18,17877.279903807434,53.07947407525282,0.33761252642829637,1.1920928955078125e-07,7.4968014,0.08319888,7.58,13.536,-0.61,-4.35,3.13,313.43,459.92,5.457084586930044,4.490939
2003-04-19,17878.16538080359,49.703172504357816,0.41930357062335827,0.29330507004355866,1.1920929e-07,1.1920929e-07,0.0,13.536,3.52,-2.61,9.65,532.79,513.65,5.250607154443572,3.9919457
2003-04-20,17877.329203597576,46.15009667972936,0.4710934590195691,1.1689475774765015,1.1920929e-07,3.0,3.0,13.631997,6.285,1.94,10.63,324.21,707.05,5.041750149445939,3.879927
2003-04-21,17876.62744572857,45.75465503467068,0.3788448206403694,0.13971652071895235,1.1920929e-07,5.64,5.64,13.721575,3.04,0.69,5.39,195.61,654.91,5.0190252245663975,4.490939
2003-04-22,17876.616029249544,43.672315987877184,0.3173777297213794,1.1920928955078125e-07,2.9498337e-06,1.009997,1.01,13.728,1.115,-0.98,3.21,249.17,590.13,4.901038065586194,4.623325
2003-04-23,17876.616230605225,42.972917558168014,0.335673765526932,1.1920928955078125e-07,1.1920929e-07,8.22,8.22,13.824003,2.07,-2.04,6.18,331.65,534.64,4.862035046802821,4.6131415
2003-04-24,17878.338057444005,46.123017273043295,0.30677272463467575,1.1920928955078125e-07,8.57761,2.85239,11.43,13.824003,-0.27,-3.45,2.91,278.69,492.03,5.0401906952466815,5.0714006
2003-04-25,17879.65875560456,47.66510837246482,0.3667034575034664,1.1920928955078125e-07,1.4007091e-07,4.7,4.7,13.919997,1.745,-5.4,8.89,428.98,425.67,5.129769942500935,4.3483696
2003-04-26,17879.658837229486,50.25347523132992,0.3889962179338089,1.1920928955078125e-07,3.4362077e-07,11.53,11.53,13.919997,1.835,-2.66,6.33,344.79,511.51,5.28371999011988,4.37892
2003-04-27,17879.659961216283,49.977228877604276,0.41420845434777487,0.037613395348785605,1.1920929e-07,0.04,0.04,14.016,2.74,-3.54,9.02,539.97,484.25,5.2670716638273944,3.9512117
2003-04-28,17878.90568875358,47.28359970960234,0.5164719638629839,1.3621211051940918,1.1920929e-07,4.27,4.27,14.016,6.895,2.1,11.69,362.3,714.33,5.107461175757434,3.747541
2003-04-29,17877.838128164734,47.41128002001139,0.45891521182240597,0.747765839099884,1.1920929e-07,5.17,5.17,14.111995,4.955,1.26,8.65,292.23,682.08,5.114916475553897,3.8493762
2003-04-30,17877.31509099509,50.289578608366796,0.4493341197463395,0.36774895201044444,1.1920929e-07,10.07,10.07,14.111995,3.755,0.74,6.77,263.63,658.92,5.2858996890917895,4.4298377
2003-05-01,17876.618224467402,52.32006948286779,0.54937964205396,1.10561203956604,1.1920929e-07,3.98,3.98,14.208003,6.085,1.56,10.61,366.8,701.58,5.409946630787017,4.5214896
2003-05-02,17875.379231078365,49.54647393425703,0.5281722256661594,1.178447961807251,1.1920929e-07,1.1920929e-07,0.0,14.208003,6.315,0.08,12.55,543.44,619.02,5.241216297395128,4.623325
2003-05-03,17874.757890093042,44.32996916471175,0.3745735614031547,0.03275949336751349,1.1920929e-07,0.5,0.5,14.304003,2.725,-1.43,6.88,432.46,568.36,4.9379984765162686,4.55204
2003-05-04,17874.760022282862,45.195093522731085,0.3278773169115257,1.1920928955078125e-07,0.018196793,11.501803,11.52,14.311055,0.485,-2.52,3.49,271.97,527.02,4.987043698427182,4.37892
2003-05-05,17874.77168289467,51.0125910849071,0.3767690956074184,1.1920928955078125e-07,0.0028546632,9.877145,9.88,14.4,0.655,-3.18,4.49,328.43,502.15,5.3297405275815875,4.114148
2003-05-06,17874.77474147312,51.38879460990728,0.37686721571919374,1.1920928955078125e-07,0.0026806237,3.0873194,3.09,14.407056,0.545,-3.79,4.88,390.44,477.56,5.352695767792275,3.482769
2003-05-07,17874.77516967533,48.82540229800119,0.39640633665950226,1.1920928955078125e-07,1.1920929e-07,3.18,3.18,14.496,1.94,-3.42,7.3,403.76,482.07,5.19821888729235,2.9532251
2003-05-08,17874.790849803056,45.97167813142432,0.3571561876835707,1.1920928955078125e-07,9.822845e-07,2.059999,2.06,14.496,1.295,-3.45,6.04,458.17,489.26,5.031484223481657,2.5560672
2003-05-09,17874.71581647962,41.718502778466984,0.38234106946905877,0.3297409597375207,1.1920929e-07,1.1920929e-07,0.0,14.592003,3.635,-0.75,8.02,472.84,588.63,4.792856652924702,2.1996436
2003-05-10,17874.271841668844,37.16593889327984,0.3596977894676168,0.5878434181213379,1.1920929e-07,0.04,0.04,14.592003,4.45,0.36,8.54,447.84,642.66,4.549957925971151,1.9756058
2003-05-11,17873.35210334451,33.29476362497588,0.3666767932916852,1.1752811670303345,1.1920929e-07,0.01,0.01,14.688,6.305,0.51,12.1,536.07,647.01,4.353123196127958,1.9959729
2003-05-12,17872.0732363497,29.95449863452912,0.33931108260349474,1.3114527463912964,1.1920929e-07,1.1920929e-07,0.0,14.688,6.735,1.82,11.65,495.71,713.28,4.1901405446404745,1.9450552
2003-05-13,17870.321085671352,27.224617699536044,0.3537067350033889,1.949558973312378,1.1920929e-07,1.1920929e-07,0.0,14.784,8.75,1.95,15.55,560.48,707.03,4.061482418304371,1.9654223
2003-05-14,17869.048224623253,25.428726844260023,0.24942448024241204,0.5894268155097961,1.1920929e-07,3.45,3.45,14.784,4.455,-1.2,10.11,441.75,583.27,3.979004743907491,2.6477191
2003-05-15,17868.93076436871,28.679222296256498,0.2126115164890031,1.1920928955078125e-07,0.20704429,11.292956,11.5,14.873578,0.24,-3.45,3.93,298.48,484.73,4.129537772169483,3.4013007
2003-05-16,17881.27843508816,26.605050836021583,0.18902317734886728,1.1920928955078125e-07,14.666525,1.6234761,16.29,14.88,-0.38,-4.3,3.54,327.45,459.8,4.032836942347502,3.6049714
2003-05-17,17893.68164410591,23.654230166340504,0.16837169320857295,1.1920928955078125e-07,8.544747,1.1552521,9.7,14.887058,-0.36,-4.7,3.98,350.01,447.31,3.899154834123769,3.330016
2003-05-18,17896.636668322273,21.255540158520077,0.16175743862064285,1.1920928955078125e-07,1.1920929e-07,1.1920929e-07,0.0,14.975997,0.52,-5.92,6.96,567.68,408.99,3.793758111388988,2.85139
2003-05-19,17896.495007889873,16.952862508854334,0.16822184492125358,0.5830932855606079,1.1920929e-07,1.1920929e-07,0.0,14.975997,4.435,-2.46,11.33,574.12,517.23,3.611788920687459,2.719004
2003-05-20,17895.54354141279,15.977324052566777,0.18480704104997173,1.287701964378357,1.1920929e-07,3.29,3.29,15.071998,6.66,3.71,9.61,250.71,801.87,3.571760512302895,2.5764344
2003-05-21,17893.969784796416,15.417084337599665,0.2002992542584705,1.8545554876327515,1.1920929e-07,1.1920929e-07,0.0,15.071998,8.45,3.37,13.53,495.46,791.62,3.5489735457842824,2.6477191
2003-05-22,17891.887122368036,13.787713289701259,0.19750002182484036,2.337489604949951,1.1920929e-07,1.1920929e-07,0.0,15.071998,9.975,6.75,13.2,332.13,997.13,3.4835240378884667,3.4013007
2003-05-23,17888.939994774846,13.053747010125207,0.24116721674999095,3.5931177139282227,1.1920929e-07,1.1920929e-07,0.0,15.168,13.94,7.67,20.21,527.09,1063.15,3.4544373160492863,4.908464
2003-05-24,17885.26816714997,13.027443203957871,0.23481803822899389,3.4664466381073,1.1920929e-07,1.1920929e-07,0.0,15.168,13.54,6.12,20.96,563.66,963.64,3.4533994292325247,9.633624
2003-05-25,17883.071734207522,12.106933662880143,0.1328189903577376,0.9995248913764954,1.1920929e-07,1.0,1.0,15.175058,5.75,1.96,9.54,402.4,731.08,3.417274006554529,9.979864
2003-05-26,17881.91954708608,10.248103778283951,0.12643331697471,1.5394608974456787,1.1920929e-07,1.1920929e-07,0.0,15.263997,7.455,0.85,14.06,557.79,660.77,3.3454721374054293,7.9838915
2003-05-27,17879.611894320737,9.110982405722874,0.14886905233391584,2.934427499771118,1.1920929e-07,0.02,0.02,15.263997,11.86,3.72,20.0,583.42,807.41,3.3022938141008122,6.8229685
2003-05-28,17876.678617609046,8.615075220232063,0.13973262234681974,2.8948428630828857,1.1920929e-07,1.1920929e-07,0.0,15.271052,11.735,4.66,18.81,555.75,878.97,3.283638359721503,9.226283
2003-05-29,17873.613987502365,8.262219737100068,0.14174244073203662,3.149768590927124,1.1920929e-07,1.1920929e-07,0.0,15.359997,12.54,4.75,20.33,570.34,867.51,3.270428552147814,9.358668
2003-05-30,17870.818649974935,7.667291757093834,0.11332341748985361,2.3992419242858887,1.1920929e-07,1.1920929e-07,0.0,15.359997,10.17,4.0,16.34,510.11,829.75,3.2482765291218847,9.76601
2003-05-31,17868.73010939063,6.430186816705755,0.08453602741742941,1.8197211027145386,1.1920929e-07,1.1920929e-07,0.0,15.359997,8.34,3.09,13.59,478.22,784.71,3.202692406372925,8.645822
2003-06-01,17866.923141795432,4.986287179740337,0.0661273175596766,1.833971619606018,1.1920929e-07,1.1920929e-07,0.0,15.449575,8.385,2.47,14.3,513.57,752.62,3.1502968305325303,7.7293034
2003-06-02,17865.293502936423,3.4381311311523826,0.04229921212051813,1.4650413990020752,1.1920929e-07,1.1920929e-07,0.0,15.456,7.22,1.41,13.03,507.52,697.17,3.0950699263748507,6.5378294
2003-06-03,17863.545112414682,2.082844692083219,0.02990185591226839,2.2234854698181152,1.1920929e-07,1.1920929e-07,0.0,15.456,9.615,3.18,16.05,517.92,771.33,3.0475185381431698,5.7333302
2003-06-04,17860.65491233224,1.901656201029267,0.03551458600753886,3.551949977874756,1.1920929e-07,1.1920929e-07,0.0,15.456,13.81,7.62,20.0,475.34,1049.61,3.0412169811534087,6.089754
2003-06-05,17856.524159378823,2.9271702182386052,0.068139315150633,4.6840739250183105,1.1920929e-07,1.1920929e-07,0.0,15.505464,17.385,11.7,23.07,432.4,1375.9,3.077055909890552,7.2201266
2003-06-06,17851.401706728826,4.842870480490455,0.13120098990951023,5.478935241699219,1.1920929e-07,1.1920929e-07,0.0,15.552,19.895,14.35,25.44,414.18,1634.49,3.145139620626383,9.165181
2003-06-07,17845.867151414448,7.028453837623818,0.1812283169860451,5.212925910949707,1.1920929e-07,1.1920929e-07,0.0,15.552,19.055,12.78,25.33,455.59,1477.46,3.2246565660003017,10.387206
2003-06-08,17841.516080999765,7.96470666350913,0.14774365106372056,3.485447406768799,1.1920929e-07,1.1920929e-07,0.0,15.552,13.6,7.06,20.14,476.97,1021.4,3.2593318935804847,10.051149
2003-06-09,17838.89956854371,7.2092694377005735,0.0946101376468087,1.7500518560409546,1.1920929e-07,1.1920929e-07,0.0,15.552,8.12,4.74,11.5,308.67,881.4,3.231324439079631,8.177379
2003-06-10,17837.819723045843,5.023851853622965,0.054963193019566786,0.86652010679245,1.1920929e-07,1.1920929e-07,0.0,15.559052,5.33,3.29,7.37,201.14,796.82,3.1516490389116116,7.0673733
2003-06-11,17836.43489793107,3.2430797070599002,0.04420764904009765,1.9083908796310425,1.1920929e-07,1.1920929e-07,0.0,15.641572,8.62,3.18,14.06,474.74,788.88,3.088180942771498,6.161039
2003-06-12,17834.012627401087,2.5491698969802137,0.04263325668395674,2.926510810852051,1.1920929e-07,1.1920929e-07,0.0,15.647997,11.835,5.63,18.04,507.99,921.44,3.063796947941668,5.8147984
2003-06-13,17831.80706752725,4.964722934896477,0.0589803553438816,1.235450029373169,1.1920929e-07,6.57,6.57,15.647997,6.495,2.78,10.21,268.99,774.57,3.1495208486689026,5.6620455
2003-06-14,17830.714945181207,6.727434099281254,0.07841567100291032,1.143613338470459,1.1920929e-07,1.18,1.18,15.647997,6.205,1.8,10.61,400.53,717.8,3.2135864734700554,4.9186473
2003-06-15,17829.18149580016,5.453501135843064,0.07608472353219613,2.0208117961883545,1.1920929e-07,1.1920929e-07,0.0,15.647997,8.975,3.03,14.92,501.87,774.41,3.167156387132033,4.2567177
2003-06-16,17826.488950660158,4.911161811329232,0.08975700150243401,3.377776861190796,1.1920929e-07,1.1920929e-07,0.0,15.647997,13.26,6.6,19.92,513.18,972.88,3.1475942971023727,4.6335087
2003-06-17,17822.51105063427,5.624793583200297,0.12563842050491852,4.418064117431641,1.1920929e-07,1.1920929e-07,0.0,15.647997,16.545,9.15,23.94,523.65,1171.93,3.173360105166459,5.886083
2003-06-18,17819.341180781896,5.509720434791041,0.070458132722732,1.5932962894439697,1.1920929e-07,1.1920929e-07,0.0,15.647997,7.625,3.81,11.44,336.78,824.33,3.1691911496936855,7.138658
2003-06-19,17818.494347397074,3.1743224290547296,0.03138622932704293,0.3582475135695091,1.1920929e-07,1.1920929e-07,0.0,15.647997,3.725,0.89,6.56,273.03,672.37,3.0857561747664173,6.130488
2003-06-20,17818.16263643661,1.8948575988469394,0.01852917853938223,0.30598053324258956,1.1920929e-07,3.66,3.66,15.647997,3.56,0.82,6.3,222.89,670.22,3.0409807856244484,5.0408497
2003-06-21,17817.882801657615,5.376921818196608,0.05201684021956936,0.25525115894991757,1.1920929e-07,9.03,9.03,15.647997,3.4,-0.39,7.19,280.92,617.99,3.1643868296827,4.114148
2003-06-22,17817.404897640638,12.602501285326793,0.1354422367416053,0.7540993690490723,1.1920929e-07,10.05,10.05,15.647997,4.975,0.92,9.03,306.19,670.86,3.4366753585057164,3.4725854
2003-06-23,17816.708151026767,14.459410241987328,0.15243397780829346,0.6622627973556519,1.1920929e-07,1.1920929e-07,0.0,15.647997,4.685,0.34,9.03,424.48,645.44,3.510357633159147,2.8106556
2003-06-24,17815.69497495398,11.869879958523432,0.14886235084762,1.4982928037643433,1.1920929e-07,1.1920929e-07,0.0,15.647997,7.325,1.33,13.32,513.24,689.24,3.4080321769382085,2.5764344
2003-06-25,17813.531897625722,10.496785166619146,0.17217209864762928,2.8283402919769287,1.1920929e-07,1.1920929e-07,0.0,15.647997,11.525,5.25,17.8,505.99,890.77,3.3549899485548282,2.8310227
2003-06-26,17810.072669045214,10.413213436955521,0.21701811479600594,4.05546760559082,1.1920929e-07,1.1920929e-07,0.0,15.647997,15.4,9.58,21.22,461.69,1202.64,3.3517883811611933,4.277085
2003-06-27,17805.994994541947,10.905508808308698,0.22638084525690993,4.034883975982666,1.1920929e-07,1.1920929e-07,0.0,15.647997,15.335,9.75,20.92,453.78,1218.16,3.370691936159481,5.987919
2003-06-28,17801.519425514256,11.742229431325349,0.2875333307065377,4.904164791107178,1.1920929e-07,1.1920929e-07,0.0,15.647997,18.08,11.9,24.26,474.32,1388.06,3.4030659220071877,6.9248037
2003-06-29,17796.679285190312,12.85772694852299,0.29067649665214107,4.481400012969971,1.1920929e-07,1.1920929e-07,0.0,15.647997,16.745,7.84,25.65,573.96,1069.34,3.4467103145602396,7.8718724
2003-06-30,17793.49985742628,12.363532414923808,0.1702351001429256,1.9558926820755005,1.1920929e-07,1.1920929e-07,0.0,15.647997,8.77,4.46,13.08,415.4,885.24,3.4273060724438533,7.607101
2003-07-01,17791.756349096577,10.562460036149362,0.13577501372792894,1.6186304092407227,1.1920929e-07,1.1920929e-07,0.0,15.647997,7.705,2.59,12.82,472.97,761.7,3.3575080470031287,5.325989
2003-07-02,17790.187932151413,8.686940296200412,0.11126198515812481,1.6154636144638062,1.1920929e-07,1.1920929e-07,0.0,15.601469,7.695,1.26,14.13,532.1,675.63,3.2863352969037276,3.900294
2003-07-03,17788.29454327895,7.216715439824895,0.10368450913829735,2.1965677738189697,1.1920929e-07,1.1920929e-07,0.0,15.552,9.53,3.68,15.38,494.62,797.81,3.2315993180568348,3.6049714
2003-07-04,17785.74849279078,6.443443877575757,0.10613256067040956,2.8805923461914062,1.1920929e-07,1.1920929e-07,0.0,15.552,11.69,5.54,17.84,509.12,904.0,3.2031774878611583,3.900294
2003-07-05,17783.170343291746,5.73344468222921,0.08351144437370302,2.2646536827087402,1.1920929e-07,1.1920929e-07,0.0,15.552,9.745,6.01,13.48,342.91,947.19,3.1773014313024466,5.010299
2003-07-06,17780.63090043991,5.028162966947306,0.08189062400413431,2.8235905170440674,1.1920929e-07,1.1920929e-07,0.0,15.552,11.51,5.55,17.47,508.28,911.85,3.1518042623562432,5.499109
2003-07-07,17777.56727130248,4.8605971236466035,0.0866346530071273,3.2811901569366455,1.1920929e-07,1.1920929e-07,0.0,15.552,12.955,7.15,18.76,481.2,999.02,3.145776606411523,5.163052
2003-07-08,17774.707125765955,4.500279499503895,0.06770866672898194,2.454660415649414,1.1920929e-07,1.1920929e-07,0.0,15.463053,10.345,5.07,15.62,471.66,885.89,3.132854325274497,4.643692
2003-07-09,17771.83517943826,4.178594490572293,0.07663032658772456,3.4585299491882324,1.1920929e-07,1.1920929e-07,0.0,15.456,13.515,6.07,20.96,551.91,890.31,3.1213624051482634,4.5214896
2003-07-10,17767.47761743812,5.298305301280785,0.13382126264034166,5.135339260101318,1.1920929e-07,1.1920929e-07,0.0,15.456,18.81,12.32,25.3,475.85,1349.88,3.1615461145061423,5.998102
2003-07-11,17762.352449344322,7.071934134633276,0.17069052406517063,4.893081188201904,1.1920929e-07,1.1920929e-07,0.0,15.456,18.045,11.43,24.66,484.52,1275.15,3.2262587159838065,7.332145
2003-07-12,17757.848450444406,8.14600988990554,0.1668722920396622,4.06021785736084,1.1920929e-07,1.1920929e-07,0.0,15.367059,15.415,9.05,21.78,493.22,1101.44,3.266089661747262,7.3626957
2003-07-13,17754.587854392386,9.146279035409718,0.14130974551898678,2.6209163665771484,1.1920929e-07,2.32,2.32,15.359997,10.87,6.29,15.45,371.66,982.63,3.3036256657306153,6.548013
2003-07-14,17751.84352898021,9.574203370346078,0.15791529389813905,2.9502615928649902,1.1920929e-07,1.1920929e-07,0.0,15.359997,11.91,5.44,18.38,508.56,866.08,3.319815378079167,5.448191
2003-07-15,17748.62664119463,9.31610636332784,0.16966142796099107,3.45694637298584,1.1920929e-07,1.1920929e-07,0.0,15.353575,13.51,7.84,19.18,464.44,1018.51,3.3100412926326817,5.8759
2003-07-16,17745.591073780164,8.892443406957097,0.13536987481132304,2.57816481590271,1.1920929e-07,1.1920929e-07,0.0,15.263997,10.735,5.03,16.44,478.56,871.28,3.2940596033643263,5.5703936
2003-07-17,17742.868098302562,8.202725220321673,0.13776587045844776,3.073765993118286,1.1920929e-07,1.1920929e-07,0.0,15.263997,12.3,4.52,20.08,553.39,728.86,3.2682065045303923,4.796445
2003-07-18,17738.97561218111,8.659211456816037,0.19828914179215143,4.68248987197876,1.1920929e-07,1.1920929e-07,0.0,15.257575,17.38,11.44,23.32,450.81,1190.54,3.2852944326059172,5.6009445
2003-07-19,17733.970733521262,10.124623178570575,0.25110491448080957,5.1385064125061035,1.1920929e-07,1.1920929e-07,0.0,15.168,18.82,11.93,25.71,484.61,1183.34,3.3407561873270186,6.3036084
2003-07-20,17729.070297321723,11.401878380586213,0.2596389022871821,4.6840739250183105,1.1920929e-07,1.1920929e-07,0.0,15.168,17.385,11.56,23.21,422.43,1209.11,3.389859877476826,7.7394867
2003-07-21,17724.368232473167,12.422100219440779,0.286324294313228,4.750576019287109,1.1920929e-07,1.1920929e-07,0.0,15.161578,17.595,10.89,24.3,485.34,1101.04,3.4295999829237838,7.505265
2003-07-22,17719.429886199225,13.59908605071013,0.32894639762901373,5.038753032684326,1.1920929e-07,1.1920929e-07,0.0,15.071998,18.505,12.69,24.32,416.21,1288.71,3.476025532457147,7.250677
2003-07-23,17714.79767084108,14.420157698748199,0.29550303099558095,4.163138389587402,1.1920929e-07,1.1920929e-07,0.0,15.071998,15.74,9.75,21.73,438.61,1043.46,3.5087838636430417,7.383063
2003-07-24,17711.012915322484,14.419107406049248,0.2584827766545183,3.501281261444092,1.1920929e-07,1.1920929e-07,0.0,14.983053,13.65,8.23,19.07,406.93,947.82,3.5087417634883225,6.721133
2003-07-25,17707.464466888017,14.204960603427667,0.2589543577395562,3.589951276779175,1.1920929e-07,1.1920929e-07,0.0,14.975997,13.93,7.86,20.0,447.4,880.26,3.5001684005465763,5.824982
2003-07-26,17703.88211510884,14.033621977558417,0.25772682865810265,3.6279525756835938,1.1920929e-07,1.1920929e-07,0.0,14.975997,14.05,8.0,20.1,455.55,848.64,3.4933239501066464,5.8555326
2003-07-27,17699.78039151902,14.355438121148184,0.3192526179496264,4.660322666168213,1.1920929e-07,1.1920929e-07,0.0,14.88,17.31,10.72,23.9,465.1,975.94,3.50619057364393,5.957368
2003-07-28,17694.658435683752,15.586412155193749,0.41093678830220537,5.57077169418335,1.1920929e-07,1.1920929e-07,0.0,14.88,20.185,13.59,26.78,452.68,1146.99,3.555845346011096,6.2119565
2003-07-29,17688.78170226185,17.412434016747127,0.501597129155301,6.088540077209473,1.1920929e-07,1.1920929e-07,0.0,14.784,21.82,14.78,28.86,467.11,1166.24,3.6308012508398866,6.4665446
2003-07-30,17682.689408109585,19.30350374770153,0.5375571488556868,5.903284072875977,1.1920929e-07,1.1920929e-07,0.0,14.784,21.235,15.36,27.11,401.46,1254.63,3.7100931772223986,6.7618675
2003-07-31,17677.21417977017,20.526098903572407,0.48591495438718624,5.043503284454346,1.1920929e-07,1.1920929e-07,0.0,14.737467,18.52,12.65,24.39,404.76,1043.3,3.762275479827305,6.945171
2003-08-01,17672.428553482907,21.072432141534303,0.4212050463338911,4.167888641357422,1.1920929e-07,1.1920929e-07,0.0,14.688,15.755,9.69,21.82,436.56,849.58,3.7858305032691795,6.9248037
2003-08-02,17668.112535377943,21.175853541059464,0.4270805676259091,4.216973781585693,1.1920929e-07,1.1920929e-07,0.0,14.681575,15.91,9.69,22.13,462.64,839.1,3.790306064392076,6.5785637
2003-08-03,17664.312152285704,20.80922780639331,0.35994969540133137,3.453779697418213,1.1920929e-07,1.1920929e-07,0.0,14.592003,13.5,7.25,19.75,469.26,674.89,3.774464159904614,5.254704
2003-08-04,17660.667067009468,20.322719466312794,0.37384167923740846,3.7704575061798096,1.1920929e-07,1.1920929e-07,0.0,14.592003,14.5,7.38,21.62,500.33,569.79,3.7535443078578132,4.5724072
2003-08-05,17656.996815216015,19.886584980971453,0.3482188170516036,3.5503664016723633,1.1920929e-07,1.1920929e-07,0.0,14.496,13.805,7.88,19.73,425.29,650.9,3.7348891108284503,5.3972735
2003-08-06,17653.61056314265,19.21958530722939,0.31762619298186195,3.2542724609375,1.1920929e-07,1.1920929e-07,0.0,14.496,12.87,6.82,18.92,455.96,590.33,3.706538064337032,5.1325016
2003-08-07,17650.293012403512,18.53136082555625,0.3146728344705578,3.4268620014190674,1.1920929e-07,1.1920929e-07,0.0,14.4,13.415,7.95,18.88,408.47,659.43,3.6775104223507658,4.664059
2003-08-08,17646.73795317819,18.1003146349927,0.3225867441661298,3.6754541397094727,1.1920929e-07,1.1920929e-07,0.0,14.4,14.2,9.69,18.71,343.55,834.51,3.659445828519207,4.623325
2003-08-09,17643.279400120075,17.603356741479416,0.28965793480015856,3.3001909255981445,1.1920929e-07,1.1920929e-07,0.0,14.304003,13.015,8.67,17.36,352.95,803.47,3.638729059162269,5.4074574
2003-08-10,17639.96840221031,17.002083551464864,0.27950401473650094,3.295440673828125,1.1920929e-07,1.1920929e-07,0.0,14.304003,13.0,8.15,17.85,391.31,727.17,3.613820410328681,6.171222
2003-08-11,17636.869004749708,16.239316131374355,0.2444450943646417,2.8821756839752197,1.1920929e-07,1.1920929e-07,0.0,14.208003,11.695,6.42,16.97,419.91,627.2,3.5824668246934936,4.2363505
2003-08-12,17634.23516208725,15.087611368589918,0.2059446385666318,2.391324996948242,1.1920929e-07,1.1920929e-07,0.0,14.208003,10.145,4.91,15.38,397.0,574.73,3.535640639722866,2.9226747
2003-08-13,17631.614878373763,13.99093483996295,0.21840009350622067,3.1006836891174316,1.1920929e-07,1.1920929e-07,0.0,14.111995,12.385,6.01,18.76,468.55,515.81,3.4916208140649343,3.085611
2003-08-14,17627.47513659338,14.36838009537465,0.3186278923221674,4.926332473754883,1.1920929e-07,1.1920929e-07,0.0,14.111995,18.15,10.45,25.85,507.49,504.13,3.506709000495763,4.1956162
2003-08-15,17622.955179922064,15.061864764628675,0.27843639002127474,4.0047993659973145,1.1920929e-07,1.1920929e-07,0.0,14.016,15.24,7.97,22.51,497.14,396.72,3.53460085475246,5.9675517
2003-08-16,17619.633366421862,14.611595480730127,0.2151102079427969,2.8410074710845947,1.1920929e-07,1.1920929e-07,0.0,14.009578,11.565,8.21,14.92,271.43,539.11,3.5164659394816753,6.171222
2003-08-17,17616.470537813984,14.048663924073407,0.23760713553357227,3.5804507732391357,1.1920929e-07,1.1920929e-07,0.0,13.919997,13.9,8.04,19.76,447.46,396.69,3.493924293243712,5.8555326
2003-08-18,17612.562923041252,14.208049331261655,0.26856483111012625,4.190055847167969,1.1920929e-07,1.1920929e-07,0.0,13.831053,15.825,10.3,21.35,400.39,495.37,3.5002919086854307,6.527646
2003-08-19,17608.6523201262,14.355951037410215,0.23935388491178924,3.5424492359161377,1.1920929e-07,1.1920929e-07,0.0,13.824003,13.78,7.27,20.29,470.07,374.37,3.5062111184758478,6.130488
2003-08-20,17605.07347293277,14.1938015480796,0.24175244588019176,3.6881213188171387,1.1920929e-07,1.1920929e-07,0.0,13.728,14.24,7.04,21.44,486.2,360.11,3.499722222679404,5.2037864
2003-08-21,17600.76501225239,14.719580867652992,0.30784315017569996,4.761659622192383,1.1920929e-07,1.1920929e-07,0.0,13.728,17.63,11.64,23.62,420.45,512.57,3.5208066282157624,5.804615
2003-08-22,17596.87931442241,14.810982305757827,0.21290251948797764,2.8584249019622803,1.1920929e-07,1.1920929e-07,0.0,13.631997,11.62,3.69,19.55,507.24,291.74,3.5244848786490315,5.38709
2003-08-23,17594.70803403529,13.307226062713523,0.1579890524476244,1.9052239656448364,1.1920929e-07,1.1920929e-07,0.0,13.631997,8.61,1.94,15.28,467.9,252.91,3.4644550082065835,3.8595598
2003-08-24,17592.144508110567,12.259999896470891,0.18802124027943096,3.222604751586914,1.1920929e-07,1.1920929e-07,0.0,13.536,12.77,5.71,19.83,476.16,328.01,3.4232547930489083,3.6762562
2003-08-25,17588.259892606417,12.505683533103571,0.24751753370274424,4.544735431671143,1.1920929e-07,1.1920929e-07,0.0,13.536,16.945,10.21,23.68,447.97,456.9,3.432876328839305,5.3972735
2003-08-26,17584.318695011778,12.77685871424994,0.18671803073203758,3.013597011566162,1.1920929e-07,1.1920929e-07,0.0,13.440002,12.11,7.11,17.11,349.06,399.05,3.4435275722025063,5.9370008
2003-08-27,17581.606902353542,11.89162490012865,0.15835589468506547,2.581331729888916,1.1920929e-07,1.1920929e-07,0.0,13.343994,10.745,6.5,14.99,325.29,388.36,3.4088788879533474,4.4807553
2003-08-28,17578.742100233263,11.201350144886371,0.1702984241744823,3.251105546951294,1.1920929e-07,1.1920929e-07,0.0,13.343994,12.86,7.16,18.56,411.02,370.36,3.3821031370485186,4.093781
2003-08-29,17574.944580231535,11.426178608116146,0.212843031184337,4.338894844055176,1.1920929e-07,1.1920929e-07,0.0,13.248003,16.295,10.48,22.11,393.69,501.1,3.3908010553388275,4.7658944
2003-08-30,17570.214509310623,12.506630214594956,0.26113768541223537,4.942166328430176,1.1920929e-07,1.1920929e-07,0.0,13.248003,18.2,12.29,24.11,391.43,558.48,3.432913455315134,5.438008
2003-08-31,17565.717655762648,13.302764892829074,0.22824043268657476,3.9477975368499756,1.1920929e-07,1.1920929e-07,0.0,13.152002,15.06,9.87,20.25,350.51,502.44,3.4642784483552695,5.163052
2003-09-01,17562.042171146946,13.295719411738991,0.21344890912716608,3.6042017936706543,1.1920929e-07,1.1920929e-07,0.0,13.152002,13.975,8.43,19.52,375.72,434.33,3.463999627469985,4.6131415
2003-09-02,17557.55767875358,14.049454793435139,0.319440779190572,5.477351665496826,1.1920929e-07,1.1920929e-07,0.0,13.056003,19.89,13.66,26.12,414.68,580.83,3.493955860696335,5.4074574
2003-09-03,17551.639266074595,16.065300162841503,0.41313164012122644,6.188293933868408,1.1920929e-07,1.1920929e-07,0.0,12.960006,22.135,15.4,28.87,426.25,654.45,3.575352085170769,7.413614
2003-09-04,17545.535011453823,18.117357313556116,0.44704873416664653,5.961869239807129,1.1920929e-07,1.1920929e-07,0.0,12.960006,21.42,14.98,27.86,419.13,628.5,3.6601583776058186,7.9227905
2003-09-05,17539.781511197336,19.72670653066296,0.4445261613572587,5.509019374847412,1.1920929e-07,1.1920929e-07,0.0,12.863997,19.99,13.9,26.08,385.52,620.47,3.728073725323048,7.138658
2003-09-06,17534.58453789386,20.728012413578668,0.4103621291234556,4.815495014190674,1.1920929e-07,1.1920929e-07,0.0,12.863997,17.8,10.26,25.34,451.96,458.59,3.7709638094044315,6.8026013
2003-09-07,17531.363273471117,26.64868366788922,0.2837949569724335,1.693049669265747,1.1920929e-07,14.46,14.46,12.768,7.94,4.87,11.01,172.76,667.41,4.034847662549546,6.22214
2003-09-08,17529.742708835038,38.052190652220375,0.39138853090407827,1.5600448846817017,1.1920929e-07,12.82,12.82,12.672003,7.52,3.8,11.24,209.74,693.44,4.5962582682092625,4.0632305
2003-09-09,17528.428224281713,41.88437943534712,0.39432214071192156,1.1309462785720825,1.1920929e-07,3.09,3.09,12.672003,6.165,3.56,8.77,162.31,775.89,4.80194763083226,2.7902887
2003-09-10,17527.176136910814,45.71802021112672,0.45070499077774323,1.3906222581863403,1.1920929e-07,13.02,13.02,12.575997,6.985,5.07,8.9,107.1,892.01,5.016925115066739,2.8819404
2003-09-11,17525.747419374846,53.4261405439295,0.5342996924472116,1.4602915048599243,1.1920929e-07,9.89,9.89,12.575997,7.205,3.46,10.95,216.22,806.95,5.478739284063366,6.1406717
2003-09-12,17524.30203687914,53.1268476207973,0.5245108928565425,1.4349572658538818,1.1920929e-07,1.1920929e-07,0.0,12.48,7.125,3.34,10.91,284.13,729.78,5.46003874298566,4.297452
2003-09-13,17522.517782701,49.040815347369026,0.5612355533336232,2.198151111602783,1.1920929e-07,1.1920929e-07,0.0,12.383997,9.535,3.4,15.67,394.01,578.04,5.211026859874314,3.5133197
2003-09-14,17520.195792363407,45.69645508024638,0.5268137312311127,2.2345690727233887,1.1920929e-07,1.1920929e-07,0.0,12.383997,9.65,2.92,16.38,417.72,540.83,5.015689294111316,3.767908
2003-09-15,17518.429438763153,42.08208967340953,0.39697591623370765,1.2892853021621704,1.1920929e-07,1.1920929e-07,0.0,12.288,6.665,1.51,11.82,346.5,567.0,4.812805796500499,2.912491
2003-09-16,17517.639812571717,44.17667353957702,0.33854780236809073,0.29647422078107866,1.1920929e-07,13.02,13.02,12.288,3.53,0.62,6.44,155.39,644.09,4.929358355573138,2.606985
2003-09-17,17517.36492975539,51.262322402241395,0.40875928001203166,0.5213409636806219,1.1920929e-07,10.8,10.8,12.192,4.24,0.64,7.84,205.73,652.79,5.344967657849184,2.3014789
2003-09-18,17516.15283232056,54.66648050932568,0.5710602443318528,1.860889196395874,1.1920929e-07,5.69,5.69,12.103056,8.47,3.17,13.77,268.01,771.22,5.5569238889517685,2.230194
2003-09-19,17514.5087329834,55.24427518768046,0.549474289194269,1.623380422592163,1.1920929e-07,3.92,3.92,12.096,7.72,4.54,10.9,198.4,863.65,5.593725043298434,3.5642374
2003-09-20,17512.90722424225,53.29702969392937,0.527777396980884,1.6407978534698486,1.1920929e-07,1.24,1.24,12.000006,7.775,2.93,12.62,313.93,731.83,5.470664285331813,2.892124
2003-09-21,17510.885427698235,49.8512664093317,0.5800321944882642,2.4372432231903076,1.1920929e-07,1.1920929e-07,0.0,12.000006,10.29,3.93,16.65,391.94,668.6,5.259497803599935,2.8412063
2003-09-22,17508.005424627252,46.95603063434288,0.6470072797559552,3.3318583965301514,1.1920929e-07,1.1920929e-07,0.0,11.903997,13.115,8.17,18.06,311.19,954.16,5.088383961541742,3.4318514
2003-09-23,17504.64678142055,44.68139280140336,0.5808734278715484,3.035764694213867,1.1920929e-07,1.1920929e-07,0.0,11.903997,12.18,7.51,16.85,292.5,931.87,4.957862779059759,3.7271738
2003-09-24,17501.004566824995,42.81060224115861,0.6914839029682781,4.194806098937988,1.1920929e-07,1.1920929e-07,0.0,11.808002,15.84,9.14,22.54,381.1,925.1,4.853027752973387,4.6946096
2003-09-25,17497.000237768927,41.356020135945954,0.6044590429323718,3.718205690383911,1.1920929e-07,1.1920929e-07,0.0,11.711994,14.335,9.16,19.51,310.29,1017.07,4.773050410524471,4.9390144
2003-09-26,17492.52228059098,40.39936529785757,0.70610649790551,4.652405738830566,1.1920929e-07,1.1920929e-07,0.0,11.711994,17.285,10.95,23.62,362.6,1072.18,4.7211704522568825,7.932974
2003-09-27,17487.54496097569,39.92803802934131,0.7794837330270102,5.28576135635376,1.1920929e-07,1.1920929e-07,0.0,11.615997,19.285,14.06,24.51,300.04,1395.65,4.6958178300217375,7.780221
2003-09-28,17482.11577530283,39.86249098984779,0.8303325868358217,5.635690689086914,1.1920929e-07,1.1920929e-07,0.0,11.615997,20.39,15.19,25.59,295.47,1510.39,4.692302864550607,6.8229685
2003-09-29,17477.384271359188,39.210759703951695,0.589093389152314,3.946213960647583,1.1920929e-07,1.1920929e-07,0.0,11.520002,15.055,9.81,20.3,295.32,1080.22,4.6574965376603,5.824982
2003-09-30,17473.667183370566,37.75672858066929,0.5250491847407728,3.589951276779175,1.1920929e-07,1.1920929e-07,0.0,11.424,13.93,9.25,18.61,296.22,1089.59,4.580770360548045,4.9186473
2003-10-01,17469.942381472723,36.40780298398387,0.5392887757826633,3.9161295890808105,1.1920929e-07,1.1920929e-07,0.0,11.424,14.96,8.66,21.26,347.08,965.78,4.510721048864132,4.277085
2003-10-02,17466.261269923838,35.1042353719409,0.4722680121901879,3.463279962539673,1.1920929e-07,1.1920929e-07,0.0,11.328,13.53,8.79,18.27,295.32,1063.44,4.444045112554751,4.6335087
2003-10-03,17461.998494892065,34.401973046076826,0.6022588613925822,4.837662696838379,1.1920929e-07,1.1920929e-07,0.0,11.328,17.87,13.29,22.45,278.56,1432.97,4.40853465828238,4.317819
2003-10-04,17457.565132645588,33.884182791153826,0.5048810064475259,4.034883975982666,1.1920929e-07,1.1920929e-07,0.0,11.2319975,15.335,10.19,20.48,305.43,1144.06,4.382534043418003,4.6538754
2003-10-05,17453.899285163905,32.716065434432785,0.4197552057182152,3.308107614517212,1.1920929e-07,1.1920929e-07,0.0,11.136003,13.04,8.71,17.37,276.3,1096.49,4.324439333590043,4.796445
2003-10-06,17450.494808005496,35.51452502167764,0.47186974634890605,3.4870307445526123,1.1920929e-07,9.06,9.06,11.136003,13.605,7.5,19.71,245.24,1038.09,4.464923961661373,3.920661
2003-10-07,17448.30557767715,43.255634745609676,0.33834958617625166,0.9029381275177002,1.1920929e-07,12.12,12.12,11.04,5.445,2.49,8.4,148.39,757.89,4.8777636861666585,5.000116
2003-10-08,17447.595457389012,55.06184906003841,0.3969075567860629,0.5134240968913844,1.1920929e-07,20.48,20.48,11.04,4.215,0.85,7.58,169.59,666.95,5.582079626873505,3.6253386
2003-10-09,17447.405207085692,67.46454293680398,0.4217577780575001,1.1920928955078125e-07,1.1920929e-07,15.61,15.61,10.9439945,2.23,-0.19,4.65,120.65,620.95,6.431772405239851,3.6355221
2003-10-10,17447.351289504146,71.55796742591546,0.47269617627237154,0.18353040035559864,1.1920929e-07,6.82,6.82,10.848,3.175,0.43,5.92,141.91,644.61,6.7396874438479015,2.627352
2003-10-11,17447.26499850044,72.25091502244825,0.45831743293422855,1.1920928955078125e-07,1.1920929e-07,11.25,11.25,10.848,2.575,0.44,4.71,106.18,641.18,6.793252258888327,2.1792765
2003-10-12,17447.26969856641,87.57705021191757,0.5324313639459936,1.1920928955078125e-07,1.1920929e-07,33.95,33.95,10.752,2.08,1.16,3.0,54.06,680.25,8.093133874237385,5.70278
2003-10-13,17447.053639759735,95.94783390917657,0.679910088902537,0.5577590465545654,1.1920929e-07,1.1920929e-07,0.0,10.752,4.355,1.1,7.61,223.09,677.55,8.90527783531045,5.4889255
2003-10-14,17446.497343233437,86.34256484818901,0.6017462533613103,0.5213409636806219,1.1920929e-07,1.1920929e-07,0.0,10.655997,4.24,1.49,6.99,193.64,695.59,7.979799090888364,2.9532251
2003-10-15,17446.084138982274,83.2169499566342,0.5550802398824765,0.3139014324539069,1.1920929e-07,10.67,10.67,10.655997,3.585,1.64,5.53,99.53,693.69,7.699890564620371,2.4847825
2003-10-16,17445.543076098424,99.59223207736582,0.7553034267026338,0.9678571224212646,1.1920929e-07,35.17,35.17,10.560002,5.65,2.45,8.85,158.42,739.95,9.283863912947353,6.8433356
2003-10-17,17443.73676529558,115.69650344486921,1.2324238424607028,2.6810853481292725,1.1920929e-07,14.7,14.7,10.464,11.06,9.61,12.51,84.07,1208.87,11.159079916554981,9.317935
2003-10-18,17440.62921240312,113.03715055242833,1.3585569157555641,3.292273759841919,1.1920929e-07,1.1920929e-07,0.0,10.464,12.99,9.36,16.62,204.59,1189.09,10.82515921279521,5.1528687
2003-10-19,17438.16945473675,105.84820055828511,0.9338646335780888,1.79121994972229,1.1920929e-07,7.65,7.65,10.367997,8.25,6.0,10.5,112.9,941.56,9.971651343289887,4.3687367
2003-10-20,17435.841860730365,118.06614514659115,1.3021783742676512,2.9027600288391113,1.1920929e-07,33.76,33.76,10.367997,11.76,10.21,13.31,76.97,1257.63,11.465291791490701,11.100053
2003-10-21,17432.20666377346,139.9002097711978,1.907364845275879,4.186889171600342,1.1920929e-07,28.99,28.99,10.272,15.815,12.48,19.15,150.78,1455.07,18.01349264773902,23.21846
2003-10-22,17428.94523936229,142.19576730706515,1.2355386018753052,1.9828100204467773,1.1920929e-07,11.68,11.68,10.272,8.855,1.61,16.1,231.85,719.38,20.309050183606367,11.40556
2003-10-23,17427.97446794514,131.12755423557346,0.8030103670266882,0.1264847260688935,1.1920929e-07,1.1920929e-07,0.0,10.176,3.0,-0.25,6.25,198.72,621.39,13.310301649020138,7.973708
2003-10-24,17427.791671247393,118.1812859060198,0.8158629488911772,0.6986808180809021,1.1920929e-07,1.1920929e-07,0.0,10.168944,4.8,-0.0,9.6,264.14,613.82,11.480382832382672,4.541857
2003-10-25,17426.129678525707,108.06932010726428,1.0884765226119422,2.587665319442749,1.1920929e-07,1.1920929e-07,0.0,10.08,10.765,5.08,16.45,274.44,884.46,10.227910815751498,4.002129
2003-10-26,17422.596784882448,100.55784332372323,1.3539387422737517,4.117219924926758,1.1920929e-07,1.1920929e-07,0.0,9.990422,15.595,9.98,21.21,261.0,1238.55,9.386842755285228,4.114148
2003-10-27,17419.354071049365,93.60968033005777,0.8645057487615762,2.202901601791382,1.1920929e-07,1.1920929e-07,0.0,9.984,9.55,6.75,12.35,161.47,979.97,8.67055653497454,3.3198326
2003-10-28,17418.00600521283,97.45989700469922,0.6273334836463386,0.49917358169869885,1.1920929e-07,22.87,22.87,9.887998,4.17,-1.15,9.49,199.21,589.86,9.060442593992672,14.46062
2003-10-29,17420.75172480335,103.60450727438602,0.4701046952492544,1.1920928955078125e-07,13.774898,0.005101828,13.78,9.887998,-0.95,-3.44,1.54,123.77,499.33,9.719305663888825,10.051149
2003-10-30,17427.888692227432,94.03344395038675,0.3176539146320918,1.1920928955078125e-07,1.1920929e-07,1.1920929e-07,0.0,9.792003,-4.965,-7.07,-2.86,143.87,383.33,8.712633231081085,4.9186473
2003-10-31,17428.404473320643,85.43631365782039,0.27622316824913085,1.1920928955078125e-07,1.1920929e-07,1.1920929e-07,0.0,9.792003,-5.57,-9.48,-1.66,232.47,311.79,7.8976100928022905,3.3198326
2003-11-01,17430.049401371954,77.59693585111027,0.30450678488977123,1.1920928955078125e-07,4.21,1.1920929e-07,4.21,9.696003,-2.735,-5.95,0.48,158.39,396.13,7.221068306180226,2.8004723
2003-11-02,17433.395335690562,70.39724361572334,0.2307506179229628,1.1920928955078125e-07,5.49,1.1920929e-07,5.49,9.696003,-5.245,-7.38,-3.11,108.6,360.24,6.650908134607761,2.4338648
2003-11-03,17435.5186607137,63.77436614029533,0.20221874461029476,1.1920928955078125e-07,1.1920929e-07,1.1920929e-07,0.0,9.6,-5.565,-8.93,-2.2,213.69,316.39,6.166265925058348,2.18946
2003-11-04,17435.978615638083,57.62853348619871,0.18845519429225094,1.1920928955078125e-07,1.1920929e-07,1.1920929e-07,0.0,9.6,-5.14,-8.88,-1.4,222.31,319.52,5.748179981533474,2.2200108
2003-11-05,17435.978615638083,51.882519819811314,0.18577944568949967,1.1920928955078125e-07,1.1920929e-07,1.1920929e-07,0.0,9.504003,-3.74,-8.19,0.71,245.42,332.35,5.382972050718365,2.281112
2003-11-06,17435.99080912676,46.57054116898807,0.2141379452137226,1.1920928955078125e-07,1.1920929e-07,1.1920929e-07,0.0,9.504003,-0.19,-4.83,4.45,232.31,432.32,5.066024785696671,2.1792765
2003-11-07,17435.999492106985,42.14017219542637,0.2295619027793427,1.1920928955078125e-07,1.1920929e-07,1.23,1.23,9.408,2.43,0.04,4.82,139.95,609.4,4.816000328407083,2.1385424
2003-11-08,17435.757413839776,38.11226818463477,0.23201401556474577,0.47067240929392185,1.1920929e-07,1.1920929e-07,0.0,9.408,4.08,0.76,7.4,176.16,641.45,4.599413889568283,2.0876248
2003-11-09,17435.158695798127,33.70698771686775,0.20936789490407284,0.6115943193435669,1.1920929e-07,1.1920929e-07,0.0,9.318422,4.525,1.34,7.71,178.65,678.52,4.373671532481401,2.0061564
2003-11-10,17434.961904194544,40.32482494380617,0.19546717237363942,1.1920928955078125e-07,0.00084789994,25.199154,25.2,9.312,0.87,-0.97,2.71,81.73,580.42,4.717151844978539,2.6884532
2003-11-11,17437.86274500184,65.36918704209094,0.2990909231933323,1.1920928955078125e-07,2.4368274,36.22317,38.66,9.26253,0.11,-1.5,1.72,78.16,563.01,6.2796405272384295,7.8515058
2003-11-12,17438.068838550098,77.17391297511682,0.407799418238969,1.1920928955078125e-07,1.1920929e-07,1.1920929e-07,0.0,9.216,2.285,-2.52,7.09,219.08,512.83,7.186255769379897,4.0428634
2003-11-13,17437.520024902235,70.38141495111849,0.48031683866865593,1.1151123046875,1.1920929e-07,1.1920929e-07,0.0,9.216,6.115,0.65,11.58,221.01,639.39,6.64970557864991,3.4013007
2003-11-14,17436.927060024176,64.12813279610265,0.34303614601625004,0.004705022020127236,1.1920929e-07,1.1920929e-07,0.0,9.119997,2.62,0.85,4.39,98.46,645.76,6.191236949704105,2.8717568
2003-11-15,17436.927839354907,60.537153669480446,0.30316341005168057,1.1920928955078125e-07,2.0503998e-07,6.88,6.88,9.119997,1.65,-0.75,4.05,97.2,586.42,5.942390205268918,2.6782696
2003-11-16,17436.9294907138,65.97073718653549,0.30136996057408016,1.1920928955078125e-07,0.033616498,17.396383,17.43,9.024003,0.465,-0.66,1.59,48.56,589.48,6.322943635497188,3.0041428
2003-11-17,17437.263839673902,86.22517297960731,0.39105378656153905,1.1920928955078125e-07,0.20863096,37.781372,37.99,9.024003,0.36,-2.34,3.06,110.61,529.65,7.969104648989238,3.920661
2003-11-18,17437.167723420458,116.42872909847078,0.6523200293854083,0.2790408379098608,1.1920929e-07,40.23,40.23,9.016947,3.475,2.5,4.45,48.18,734.81,11.252816767139956,11.100053
2003-11-19,17440.148273626182,137.72919335669553,0.5745281578534324,1.1920928955078125e-07,34.001675,1.0783287,35.08,8.928,-0.505,-5.31,4.3,152.24,425.01,15.842476205009241,14.867961
2003-11-20,17468.693729367402,123.97363345702972,0.37039664392252264,1.1920928955078125e-07,22.08,1.1920929e-07,22.08,8.928,-5.385,-7.46,-3.31,92.58,364.0,12.265760605756533,8.930961
2003-11-21,17484.71811598929,112.16983253535939,0.28719548260160127,1.1920928955078125e-07,11.33,1.1920929e-07,11.33,8.838422,-7.355,-11.05,-3.66,148.34,279.42,10.718430267393115,5.886083
2003-11-22,17492.46113622875,101.79583433403374,0.2709197496551267,1.1920928955078125e-07,5.8,1.1920929e-07,5.8,8.831997,-6.82,-10.99,-2.65,152.49,271.33,9.520542650577205,4.4807553
2003-11-23,17499.02468680996,92.46047546748261,0.36070994370569504,1.1920928955078125e-07,9.549985,1.5369058e-05,9.55,8.831997,-1.495,-3.86,0.87,103.59,459.18,8.557468657398077,3.9919457
2003-11-24,17510.761657636896,83.99944290315806,0.259921099151723,1.1920928955078125e-07,13.95,1.1920929e-07,13.95,8.742422,-4.61,-6.02,-3.2,65.74,405.96,7.769030169222198,3.7984586
2003-11-25,17534.586713270408,76.30339712834117,0.2564047123868048,1.1920928955078125e-07,30.99,1.1920929e-07,30.99,8.736,-3.45,-4.37,-2.53,46.53,451.71,7.115144081113294,3.5642374
2003-11-26,17560.96344731692,69.22330561268066,0.24241773199982425,1.1920928955078125e-07,20.11,1.1920929e-07,20.11,8.736,-2.87,-4.13,-1.61,61.17,461.77,6.562307564681606,3.2485478
2003-11-27,17572.566568831233,62.659220641292315,0.24957223582878857,1.1920928955078125e-07,3.7176135,0.0023864722,3.72,8.646422,-0.895,-5.5,3.71,177.38,417.69,6.088209309154115,2.8310227
2003-11-28,17573.81308948274,71.70449775123893,0.34721814998331973,1.1920928955078125e-07,1.1920929e-07,32.83,32.83,8.64,1.95,0.4,3.5,68.14,626.33,6.750978905188223,6.88407
2003-11-29,17573.814701411244,96.66645454289909,0.42852342371457125,1.1920928955078125e-07,0.008137925,29.601862,29.61,8.64,0.66,-2.02,3.34,113.01,539.89,8.978687018120006,21.385424
2003-11-30,17573.817803096423,99.91584818797848,0.5020040372576722,1.1920928955078125e-07,1.1920929e-07,0.02,0.02,8.632941,2.505,-2.09,7.1,193.8,526.99,9.318249882491976,10.489041
2003-12-01,17573.82175753255,94.85176995645438,0.45342934114276623,1.1920928955078125e-07,1.1920929e-07,9.16,9.16,8.544,1.925,0.11,3.74,77.84,615.11,8.794465900653432,7.383063
2003-12-02,17574.06086864722,97.19986682840592,0.46024249944677054,1.1920928955078125e-07,4.2319297e-07,14.2,14.2,8.544,1.785,-1.38,4.95,119.18,556.6,9.033567647953179,7.2608604
2003-12-03,17576.628891564535,92.06261040842296,0.3294653610366934,1.1920928955078125e-07,1.1920929e-07,1.1920929e-07,0.0,8.544,-2.25,-5.3,0.8,152.77,428.33,8.51866132032412,9.379036
2003-12-04,17577.73964760381,86.35928488138836,0.3932320915696122,1.1920928955078125e-07,8.979142e-06,9.129992,9.13,8.536944,1.225,-4.38,6.83,148.7,447.55,7.9813234591725735,6.772051
2003-12-05,17577.726897522556,95.06368783340763,0.46329199143583066,1.1920928955078125e-07,1.1920929e-07,23.53,23.53,8.448,2.375,0.48,4.27,75.82,636.14,8.815782710321004,11.201889
2003-12-06,17585.720186626037,98.01980687966098,0.3602918920645368,1.1920928955078125e-07,16.369997,2.9271841e-06,16.37,8.448,-1.71,-5.13,1.71,123.09,435.99,9.118582801941228,11.812901
2003-12-07,17597.44116573258,89.02029654965304,0.31812584784882414,1.1920928955078125e-07,6.97,2.0772218e-07,6.97,8.448,-2.11,-4.98,0.76,109.16,433.15,8.2276770571745,7.9024234
2003-12-08,17602.91766551987,80.86281599736066,0.2775593967540591,1.1920928955078125e-07,3.94,1.1920929e-07,3.94,8.448,-2.68,-5.05,-0.31,99.6,437.97,7.495571799735714,5.824982
2003-12-09,17606.41310016474,73.4138424552169,0.2545926286059168,1.1920928955078125e-07,3.6,1.1920929e-07,3.6,8.448,-2.535,-4.87,-0.2,96.66,432.51,6.884104941437499,4.928831
2003-12-10,17613.58222799486,66.5545063290904,0.23091953586634206,1.1920928955078125e-07,10.36,1.1920929e-07,10.36,8.398531,-2.445,-4.41,-0.48,81.91,452.9,6.365252243610673,4.4400215
2003-12-11,17622.0540822151,62.639239630552154,0.25914273184231584,1.1920928955078125e-07,0.49491248,10.975088,11.47,8.352,0.15,-1.52,1.82,71.03,550.32,6.086819750779713,4.093781
2003-12-12,17630.96488871922,60.370743601278505,0.23073396701452703,1.1920928955078125e-07,14.966285,0.0037154604,14.97,8.352,-0.99,-2.37,0.39,56.97,521.88,5.9311040154293515,4.2465343
2003-12-13,17653.623772444877,54.42359613325617,0.20670039367789572,1.1920928955078125e-07,29.077065,0.0029344822,29.08,8.352,-1.08,-4.43,2.27,118.76,455.14,5.541526361818208,6.8026013
2003-12-14,17680.549493897808,48.87925346167493,0.15337057382732242,1.1920928955078125e-07,23.54,1.1920929e-07,23.54,8.352,-3.78,-5.09,-2.47,55.54,429.91,5.201417801437309,5.651862
2003-12-15,17699.52429619856,43.68306397210165,0.1458893645197841,1.1920928955078125e-07,14.36,1.1920929e-07,14.36,8.352,-2.905,-5.58,-0.23,105.06,417.47,4.901639877931523,4.6844263
2003-12-16,17708.698876028837,39.017387383558685,0.1588679569378066,1.1920928955078125e-07,1.4146899,3.14531,4.56,8.352,-0.08,-1.93,1.77,79.1,536.01,4.647219059245545,4.55204
2003-12-17,17711.695657481665,37.212960446747275,0.15157333420892327,1.1920928955078125e-07,2.4690516,5.770948,8.24,8.352,-0.075,-4.04,3.89,133.7,463.71,4.5524027090939905,4.3280025
2003-12-18,17711.614437709988,36.54294786053713,0.21122465947576222,0.7905174493789673,1.1920929e-07,1.1920929e-07,0.0,8.352,5.09,2.02,8.16,135.44,712.47,4.517690525821884,4.002129
2003-12-19,17710.375753323788,32.819646225506155,0.2177653924315665,1.4555411338806152,1.1920929e-07,1.1920929e-07,0.0,8.352,7.19,1.95,12.43,172.7,708.07,4.329559514947157,4.1446986
2003-12-20,17709.79808029274,31.03998398375463,0.1382294686662597,1.1920928955078125e-07,3.85046e-06,3.7999961,3.8,8.352,1.22,-0.02,2.46,51.14,613.97,4.242424379296584,4.399287
2003-12-21,17709.798125156634,28.742952475670183,0.128219597550849,1.1920928955078125e-07,1.1920929e-07,1.1920929e-07,0.0,8.352,1.245,-2.28,4.77,153.68,532.61,4.132545399499454,4.266901
2003-12-22,17709.798303913285,24.165495076633725,0.1123492665285405,1.1920928955078125e-07,1.1920929e-07,1.1920929e-07,0.0,8.352,1.85,-1.07,4.77,137.82,569.5,3.921995287072204,3.9104774
2003-12-23,17709.73736739916,22.5158974850653,0.11432010690567701,0.17548854712021011,1.1920929e-07,4.9,4.9,8.352,3.15,-0.02,6.32,114.44,615.38,3.8487771473676875,3.747541
2003-12-24,17709.68326416576,26.624864224345412,0.11068317036156819,1.1920928955078125e-07,0.24728093,11.042719,11.29,8.352,0.22,-2.85,3.29,107.71,506.2,4.03374987323257,4.0835977
2003-12-25,17720.16630734727,23.631674874533328,0.07356838893438204,1.1920928955078125e-07,13.25,1.1920929e-07,13.25,8.352,-3.89,-6.6,-1.18,101.29,393.26,3.898150259245458,3.8188257
2003-12-26,17726.468349631312,19.751701992150753,0.05834656711894294,1.1920928955078125e-07,4.57,1.1920929e-07,4.57,8.352,-4.62,-7.29,-1.95,111.08,368.87,3.7291384246832613,3.4318514
2003-12-27,17734.018735963826,16.048644076549774,0.04716897556619615,1.1920928955078125e-07,11.01,1.1920929e-07,11.01,8.352,-4.69,-6.6,-2.78,78.17,382.89,3.574671833223687,3.177263
2003-12-28,17739.584731510597,12.504974195615876,0.034735687571775455,1.1920928955078125e-07,19.03,1.1920929e-07,19.03,8.352,-5.47,-8.1,-2.84,107.34,343.46,3.432848510663686,3.0041428
2003-12-29,17741.52797738386,9.109335773254639,0.0227078120276644,1.1920928955078125e-07,1.1920929e-07,1.1920929e-07,0.0,8.352,-6.95,-10.69,-3.21,171.62,287.23,3.3022316946461427,2.8106556
2003-12-30,17745.031113189983,5.849459587000572,0.014586937613094188,1.1920928955078125e-07,4.32,1.1920929e-07,4.32,8.352,-6.945,-10.22,-3.67,143.65,283.97,3.181515284189664,2.6171684
2003-12-31,17755.337394464168,2.713355321216159,0.00774797749264465,1.1920928955078125e-07,14.35,1.1920929e-07,14.35,8.358422,-5.1,-6.52,-3.68,63.5,377.6,3.069548979655562,2.545884
2004-01-01,17766.89975305768,-0.08495858385703749,1.1920928955078125e-07,1.1920928955078125e-07,8.3,1.1920929e-07,8.3,8.440945,-5.025,-6.86,-3.19,74.77,372.41,0.8904642510936549,2.4440484
2004-01-02,17775.727403673664,-0.33906937145762983,1.1920928955078125e-07,1.1920928955078125e-07,9.36,1.1920929e-07,9.36,8.448,-5.915,-7.6,-4.23,69.77,353.64,0.09660116810887523,2.3829472
2004-01-03,17783.917250676805,-0.4075107057330502,1.1920928955078125e-07,1.1920928955078125e-07,7.36,1.1920929e-07,7.36,8.448,-7.19,-9.59,-4.79,99.26,306.41,0.04948543184390273,2.3116624
2004-01-04,17795.294857489815,-0.44801029844578766,1.1920928955078125e-07,1.1920928955078125e-07,17.93,1.1920929e-07,17.93,8.448,-9.715,-13.04,-6.39,126.61,231.7,0.03317507630954232,2.148726
2004-01-05,17807.94946791207,-0.4768395777909103,1.1920928955078125e-07,1.1920928955078125e-07,7.34,1.1920929e-07,7.34,8.448,-11.315,-15.05,-7.58,139.31,194.52,0.024927886911928123,2.0672576
2004-01-06,17831.758245206085,-0.4991058214963007,1.1920928955078125e-07,1.1920928955078125e-07,37.71,1.1920929e-07,37.71,8.494531,-6.95,-12.0,-1.9,155.49,246.72,0.019980423900033805,2.5051496
2004-01-07,17864.253283788563,-0.5173344394522453,1.1920928955078125e-07,1.1920928955078125e-07,27.289999,1.6266108e-06,27.29,8.544,-1.87,-6.61,2.87,155.96,368.95,0.016666228499925443,4.623325
2004-01-08,17873.425542627898,10.464491187265862,0.05210529728911111,1.1920928955078125e-07,1.1920929e-07,17.12,17.12,8.544,2.525,0.31,4.74,98.53,622.28,3.3537524291679413,5.3158054
2004-01-09,17873.08464803886,20.987262884158802,0.11704193890226704,0.5118406996916818,1.1920929e-07,11.49,11.49,8.544,4.21,-0.42,8.84,153.02,596.82,3.782148771895353,6.374893
2004-01-10,17872.76815952119,27.136503759223604,0.14176814039034233,0.19955109927298764,1.1920929e-07,8.24,8.24,8.550425,3.225,0.96,5.49,101.23,655.34,4.057396120932801,7.148842
2004-01-11,17872.3730718839,28.378395887628393,0.16256785665604756,0.5862601399421692,1.1920929e-07,1.88,1.88,8.64,4.445,1.65,7.24,142.77,691.35,4.115370354736842,5.56021
2004-01-12,17871.59367736641,24.86606215630426,0.15439713220937462,0.9710237979888916,1.1920929e-07,1.1920929e-07,0.0,8.64,5.66,2.39,8.93,176.48,726.43,3.953510132412987,4.989932
2004-01-13,17870.559803471097,25.715213351745696,0.16210802367076896,1.0438597202301025,1.1920929e-07,8.02,8.02,8.64,5.89,3.5,8.28,110.89,793.47,3.992048685444283,5.1528687
2004-01-14,17869.370685712343,34.73627068638882,0.22951883407931017,1.2211993932724,1.1920929e-07,16.47,16.47,8.728945,6.45,3.99,8.91,109.31,808.33,4.425403158036643,6.8942533
2004-01-15,17868.75756636444,50.61820676774043,0.25242713215218654,1.1920928955078125e-07,1.1920929e-07,21.38,21.38,8.736,2.22,-0.1,4.54,108.63,612.86,5.305781617568579,11.40556
2004-01-16,17868.763263259912,60.72717495747995,0.2803586331195313,1.1920928955078125e-07,3.874302e-05,10.399961,10.4,8.736,1.09,-2.58,4.76,151.26,514.64,5.955304010377762,9.8983965
2004-01-17,17868.708518176336,59.615596214099746,0.3205817192379249,0.1867407116312947,1.1920929e-07,1.1920929e-07,0.0,8.824942,3.185,0.25,6.12,168.12,620.03,5.8801574802527465,6.6294813
2004-01-18,17868.655783631795,59.88285796267518,0.30139807025825127,1.1920928955078125e-07,1.1920929e-07,13.57,13.57,8.831997,2.195,0.17,4.22,98.18,618.59,5.8981382492068635,6.150855
2004-01-19,17868.656101268425,60.375448863670336,0.2861762689650878,1.1920928955078125e-07,2.208352e-07,0.5699998,0.57,8.831997,1.315,-0.49,3.12,118.83,594.99,5.931422838979709,5.539843
2004-01-20,17868.656880542032,54.59687753236045,0.2706886916168972,1.1920928955078125e-07,1.1920929e-07,1.1920929e-07,0.0,8.928,1.815,-1.65,5.28,193.49,544.76,5.552507076638821,4.7047935
2004-01-21,17868.58236008564,48.97650586698852,0.270147816927899,0.25207701980133024,1.1920929e-07,1.1920929e-07,0.0,8.928,3.39,-0.39,7.17,209.48,594.56,5.207199862859959,4.1752496
2004-01-22,17868.321270829565,47.63400318045704,0.25966649116177315,0.1963526643795248,1.1920929e-07,9.6,9.6,8.928,3.215,-0.42,6.85,167.21,596.81,5.127947419791555,3.8290093
2004-01-23,17868.252821755425,66.11277609545262,0.33164748780433034,1.1920928955078125e-07,1.1172891e-06,37.49,37.49,9.024003,1.83,-1.04,4.7,136.77,569.06,6.333211931388108,7.077557
2004-01-24,17877.50806183472,76.17217936224608,0.2891348309191048,1.1920928955078125e-07,14.96,1.1920929e-07,14.96,9.024003,-2.19,-5.24,0.86,147.45,428.81,7.104486216435146,9.07353
2004-01-25,17892.125606239442,69.09600700608296,0.21793400219916997,1.1920928955078125e-07,14.06,1.1920929e-07,14.06,9.112942,-4.92,-5.91,-3.93,56.99,408.52,6.552771178848227,6.2934246
2004-01-26,17905.804379166166,62.564166118011926,0.2243003031881571,1.1920928955078125e-07,13.37,1.1920929e-07,13.37,9.119997,-3.145,-4.85,-1.44,96.79,438.5,6.081601676107219,5.38709
2004-01-27,17916.362108646244,56.46058886964254,0.2354690185177,1.1920928955078125e-07,8.968177,0.0018229018,8.97,9.126422,-1.01,-3.68,1.66,144.78,472.42,5.671993512497492,4.837179
2004-01-28,17938.071704303537,51.49877071315166,0.22716587968311103,1.1920928955078125e-07,33.973442,5.336561,39.31,9.216,-0.345,-1.83,1.14,85.63,538.86,5.359424962071089,7.383063
2004-01-29,17942.375527548233,91.6664448372758,0.4771927233685763,1.1920928955078125e-07,1.1920929e-07,59.79,59.79,9.216,2.065,1.44,2.69,52.12,681.3,8.480194612358956,26.477192
2004-01-30,17953.72475635892,112.67073935490411,0.4573027938276844,1.1920928955078125e-07,23.689995,5.6481363e-06,23.69,9.312,-1.685,-5.44,2.07,176.7,424.64,10.779940965405215,23.21846
2004-01-31,17972.390098145708,102.11355675712603,0.3349838670681602,1.1920928955078125e-07,13.64,1.1920929e-07,13.64,9.312,-4.675,-5.86,-3.49,72.74,409.67,9.555161873398378,12.525748
2004-02-01,17985.089988343207,92.70740480972937,0.3411590660229482,1.1920928955078125e-07,11.55,1.1920929e-07,11.55,9.408,-3.215,-5.33,-1.1,123.99,424.64,8.581642742755067,8.645822
2004-02-02,17996.01919868234,84.19899682059503,0.33202904085527324,1.1920928955078125e-07,11.02,1.1920929e-07,11.02,9.408,-2.24,-4.85,0.37,146.87,438.24,7.786761507945808,6.609114
2004-02-03,18005.180589808988,76.41643261130032,0.32750075184888544,1.1920928955078125e-07,6.869791,0.00020883679,6.87,9.504003,-1.2,-2.89,0.49,105.71,501.95,7.124337949106754,5.631495
2004-02-04,18013.623083290542,69.27612155422621,0.26931871124756823,1.1920928955078125e-07,10.95,1.1920929e-07,10.95,9.504003,-2.585,-4.86,-0.31,139.46,444.19,6.566268264862257,5.183419
2004-02-05,18023.627264523948,62.68686854070941,0.25627084364861763,1.1920928955078125e-07,4.47,1.3321637e-07,4.47,9.592944,-2.005,-6.09,2.08,213.49,395.17,6.090132576408008,4.4807553
2004-02-06,18036.610873384845,56.55055559350306,0.25661290658208535,1.1920928955078125e-07,8.713745,0.22625442,8.94,9.6,-0.525,-3.98,2.93,189.87,461.29,5.677826085245874,4.5011225
2004-02-07,18049.404054711602,50.8257763220585,0.21193998427384272,1.1920928955078125e-07,13.349999,7.9572203e-07,13.35,9.688945,-1.865,-3.91,0.18,132.91,469.8,5.3183780446264635,4.3076353
2004-02-08,18058.59164685416,45.47463265701622,0.17191552521109027,1.1920928955078125e-07,6.24,1.1920929e-07,6.24,9.696003,-3.26,-5.17,-1.35,136.91,429.01,5.002995096737027,3.8188257
2004-02-09,18062.7265380015,40.52306549762278,0.18069031367289082,1.1920928955078125e-07,1.1920929e-07,1.1920929e-07,0.0,9.784947,-1.05,-5.2,3.1,286.72,418.97,4.727846913217857,3.4929526
2004-02-10,18064.163029727715,36.058370298537774,0.21522411922120502,0.18834462916782968,1.1920929e-07,1.1920929e-07,0.0,9.792003,3.19,-1.29,7.67,293.12,560.43,4.492750461098762,3.2689147
2004-02-11,18063.829131424664,32.07662465531729,0.2203810429267126,0.8095180988311768,1.1920929e-07,1.1920929e-07,0.0,9.887998,5.15,0.59,9.71,297.24,634.83,4.292964446646806,3.177263
2004-02-12,18062.615903296464,28.572365871413364,0.21176635465267335,1.173697829246521,1.1920929e-07,1.1920929e-07,0.0,9.887998,6.3,0.77,11.83,308.95,642.13,4.124499793030479,3.1059783
2004-02-13,18061.37123333369,25.477523554727146,0.18669581093675677,1.072360873222351,1.1920929e-07,1.1920929e-07,0.0,9.984,5.98,-0.04,12.0,319.98,606.55,3.9812234786913643,3.065244
2004-02-14,18060.835900490998,28.136452707334108,0.16293569450449868,1.1920928955078125e-07,1.1920929e-07,13.02,13.02,9.984,2.455,-0.54,5.45,171.05,585.86,4.104011315643777,3.2994654
2004-02-15,18060.836951270943,32.180476807760115,0.16477817349141985,1.1920928955078125e-07,0.0050923927,4.3449078,4.35,10.08,0.515,-1.48,2.51,144.83,561.23,4.298060685550086,3.1467123
2004-02-16,18060.838566886672,35.14771281665719,0.19321987292418566,1.1920928955078125e-07,6.3419344e-07,10.639999,10.64,10.08,1.55,-1.42,4.52,175.5,556.45,4.446252963056235,3.7373574
2004-02-17,18060.83895559274,44.04184046721982,0.23050156011313708,1.1920928955078125e-07,0.0030621646,15.806938,15.81,10.176,0.695,-2.58,3.97,198.9,515.46,4.921771327009617,3.9308445
2004-02-18,18060.8715256862,53.11781139931229,0.2703468157309594,1.1920928955078125e-07,0.14242153,12.807579,12.95,10.176,0.29,-1.36,1.94,111.33,560.03,5.459475131922342,4.37892
2004-02-19,18067.803404078648,51.800770933504566,0.24571216573701174,1.1920928955078125e-07,9.691172,0.008828291,9.7,10.272,-0.86,-3.03,1.31,152.98,503.77,5.3779472305325955,4.0428634
2004-02-20,18072.396329848587,46.81557953124161,0.23605417472030327,1.1920928955078125e-07,0.13449818,0.7355018,0.87,10.278422,0.01,-4.03,4.05,291.56,458.68,5.080226106325237,3.574421
2004-02-21,18072.4177728354,41.91484842175818,0.22121138350931285,1.1920928955078125e-07,1.1920929e-07,1.1920929e-07,0.0,10.367997,0.545,-3.24,4.33,299.67,488.61,4.803619377040223,3.2485478
2004-02-22,18072.417797370108,36.90929742318571,0.21338339143183363,1.1920928955078125e-07,1.1920929e-07,1.1920929e-07,0.0,10.464,1.74,-1.31,4.79,247.27,559.66,4.536637532467836,3.0041428
2004-02-23,18072.4178118445,33.902480767833005,0.18915501549163832,1.1920928955078125e-07,3.3336878e-06,3.2899966,3.29,10.464,1.22,-1.11,3.55,180.0,569.69,4.383450249339599,2.8819404
2004-02-24,18072.416623730955,33.205799971930496,0.18290750654694796,1.1920928955078125e-07,0.00011111975,4.459889,4.46,10.560002,0.9,-1.59,3.39,187.35,554.16,4.3487012624309225,2.7699215
2004-02-25,18072.411552424393,34.30820638167009,0.18321547926240048,1.1920928955078125e-07,0.015120417,6.7348795,6.75,10.560002,0.45,-2.85,3.75,206.68,502.46,4.403814794398113,2.6477191
2004-02-26,18075.737436245032,33.75362922928312,0.1689526433013168,1.1920928955078125e-07,7.8966374,0.08336227,7.98,10.655997,-0.615,-2.93,1.7,161.45,500.94,4.376002594514029,2.5968015
2004-02-27,18080.150443775878,35.20211422352849,0.18806874335709428,1.1920928955078125e-07,0.10006781,12.769932,12.87,10.655997,0.325,-1.88,2.53,156.1,541.32,4.449017093872866,2.6884532
2004-02-28,18085.944778496374,37.33615849647819,0.18876557697120983,1.1920928955078125e-07,11.113689,0.13631053,11.25,10.752,-0.6,-2.78,1.58,164.62,510.15,4.558814354451121,2.7088203
2004-02-29,18093.452944283792,32.74273354230511,0.16123865896248124,1.1920928955078125e-07,3.869696,0.00030413835,3.87,10.848,-1.105,-3.91,1.7,207.38,471.43,4.325757006152869,2.5051496
2004-03-01,18098.35406899665,28.37193061783548,0.1472623117649048,1.1920928955078125e-07,1.1920929e-07,1.1920929e-07,0.0,10.848,-0.35,-2.39,1.69,199.72,517.46,4.115066407028879,2.3727636
2004-03-02,18112.176934905005,24.220862394903303,0.12163906024575698,1.1920928955078125e-07,1.1920929e-07,1.1920929e-07,0.0,10.9439945,-0.95,-4.34,2.44,297.29,450.88,3.9244768040268196,2.2607448
2004-03-03,18133.540987974582,20.273483061515368,0.09893678297254323,1.1920928955078125e-07,23.329857,0.00014322936,23.33,10.9439945,-1.36,-3.41,0.69,149.43,479.54,3.7514336148121643,2.4033144
2004-03-04,18160.131577859924,16.51403852417455,0.07497300468830564,1.1920928955078125e-07,41.15,1.1920929e-07,41.15,11.04,-2.51,-3.6,-1.42,88.33,481.2,3.5937278323221036,3.1059783
2004-03-05,18188.256705379692,12.92654357614107,0.058223202884401776,1.1920928955078125e-07,21.91,1.1920929e-07,21.91,11.046422,-2.63,-4.96,-0.3,188.89,438.59,3.4494210568300177,2.8717568
2004-03-06,18205.009281379942,9.493349495949692,0.04440587948720027,1.1920928955078125e-07,11.4,1.1920929e-07,11.4,11.136003,-2.21,-5.33,0.91,236.12,428.9,3.3167503564536474,2.6375356
2004-03-07,18209.1384142916,6.844830152262205,0.04501748547650671,0.00020417331034209424,1.1920929e-07,1.1920929e-07,0.0,11.2319975,2.595,-0.11,5.3,261.86,609.55,3.2178992214115003,2.9430416
2004-03-08,18207.734682231297,5.023112395249813,0.05512251512343431,2.4752445220947266,1.1920929e-07,1.1920929e-07,0.0,11.2319975,10.41,5.14,15.68,388.27,889.64,3.1516224151706127,3.7577245
2004-03-09,18205.82418342227,3.756065268025756,0.0321655208851901,1.2148659229278564,1.1920929e-07,1.1920929e-07,0.0,11.328,6.43,0.34,12.52,408.45,637.04,3.1063319360729693,5.061217
2004-03-10,18205.089478290483,1.402661650226423,0.009976253778020977,0.32815716095031533,1.1920929e-07,1.1920929e-07,0.0,11.328,3.63,-1.93,9.19,408.92,535.37,3.023927324660898,4.9491982
2004-03-11,18204.214552831436,-0.009984558468273399,1.1920928955078125e-07,1.4523743391036987,1.1920929e-07,1.1920929e-07,0.0,11.424,7.18,2.09,12.27,384.48,714.91,1.4135489445176006,4.3483696
2004-03-12,18203.30427972417,-0.15023558612712037,1.1920928955078125e-07,0.39466830172902334,1.1920929e-07,1.1920929e-07,0.0,11.520002,3.84,-0.97,8.65,392.23,571.48,0.5408989001866639,4.103965
2004-03-13,18203.01884934535,-0.23487180222514678,1.1920928955078125e-07,0.19795224142503542,1.1920929e-07,1.1920929e-07,0.0,11.520002,3.22,-1.67,8.11,393.78,544.05,0.2587038930897633,3.7780914
2004-03-14,18202.855267859602,0.06895882783638738,0.0003210967630158493,0.12814706524762087,1.1920929e-07,2.0,2.0,11.615997,3.005,-1.41,7.42,344.13,559.13,1.9831136442473425,3.5642374
2004-03-15,18202.835317444853,-0.20993688750249037,1.1920928955078125e-07,1.1920928955078125e-07,1.1920929e-07,1.1920929e-07,0.0,11.615997,1.22,-2.55,4.99,359.89,515.9,0.32406135609635117,3.3707502
2004-03-16,18202.799770119866,-0.32803862804720724,1.1920928955078125e-07,0.1899476810909846,1.1920929e-07,1.1920929e-07,0.0,11.711994,3.195,-0.78,7.17,375.18,585.18,0.10747207865476281,3.1467123
2004-03-17,18202.46940618167,-0.21008245183563928,1.1920928955078125e-07,0.39466830172902334,1.1920929e-07,1.1920929e-07,0.0,11.808002,3.84,-0.98,8.66,410.58,580.51,0.3236408310176766,3.1568959
2004-03-18,18202.29266475362,1.9699046318976974,0.013005552416531374,1.1920928955078125e-07,1.1920929e-07,8.87,8.87,11.808002,1.915,-2.49,6.32,297.97,521.15,3.043589066140427,3.4522183
2004-03-19,18208.314392621684,3.224397246786362,0.015706215438561773,1.1920928955078125e-07,10.42,1.1920929e-07,10.42,11.903997,-2.58,-5.3,0.14,208.29,425.18,3.087521905775408,3.2892818
2004-03-20,18213.091376560304,0.3237318428864822,0.001995508558700062,1.1920928955078125e-07,1.1920929e-07,1.1920929e-07,0.0,11.903997,1.355,-4.62,7.33,450.89,439.55,2.874026109539782,3.0143263
2004-03-21,18212.09099074647,0.059207622069618285,0.00041856626642664983,2.149066209793091,1.1920929e-07,1.1920929e-07,0.0,12.000006,9.38,3.47,15.29,438.35,789.43,1.9172784304264783,3.1263454
2004-03-22,18209.900313864073,0.08220290630895703,0.0006029252188661591,1.9163079261779785,1.1920929e-07,1.1920929e-07,0.0,12.096,8.645,4.5,12.79,347.76,844.08,2.0691738529506427,3.8086421
2004-03-23,18208.511765747742,-0.06781423436068754,1.1920928955078125e-07,0.8427693247795105,1.1920929e-07,1.1920929e-07,0.0,12.096,5.255,0.75,9.76,399.66,654.49,1.001124984905054,4.338186
2004-03-24,18208.216826781223,4.627474658637571,0.030622142413480796,1.1920928955078125e-07,1.2597442e-06,14.089998,14.09,12.192,1.48,-2.11,5.07,266.68,538.33,3.1374099263688815,4.55204
2004-03-25,18213.3036612664,10.738636049121224,0.062015548638804346,1.1920928955078125e-07,13.883396,0.48660415,14.37,12.192,-0.495,-2.46,1.47,157.39,521.22,3.364272306900329,4.287268
2004-03-26,18226.015277825558,7.629480568127554,0.04403789638968234,1.1920928955078125e-07,11.765792,0.12420769,11.89,12.288,-0.615,-2.66,1.43,167.96,513.36,3.2468737190770467,4.053047
2004-03-27,18241.2807510919,4.462339171505546,0.025554344066920302,1.1920928955078125e-07,17.860128,0.019872153,17.88,12.383997,-0.84,-2.43,0.75,132.87,524.79,3.1314967419310857,4.266901
2004-03-28,18247.382247169957,8.014062215068996,0.05762320761477477,1.1920928955078125e-07,1.1920929e-07,7.31,7.31,12.383997,2.47,-4.82,9.76,422.4,442.8,3.2611701511865796,3.9308445
2004-03-29,18246.10338062662,9.212080616396202,0.10442495795781244,2.1126482486724854,1.1920929e-07,1.1920929e-07,0.0,12.48,9.265,2.87,15.66,461.43,753.71,3.3061099983261393,4.0632305
2004-03-30,18244.93383536869,11.580886147631803,0.08789122705974886,0.17709886911221506,1.1920929e-07,9.55,9.55,12.48,3.155,-2.04,8.35,332.3,548.88,3.3967992003560403,4.7760777
2004-03-31,18245.60755471113,12.038818214039752,0.06177688710263485,1.1920928955078125e-07,0.16,1.1920929e-07,0.16,12.575997,-2.62,-6.45,1.21,380.83,392.61,3.4146158791264085,4.2567177
2004-04-01,18245.662568753938,8.637977287846695,0.047978592928045224,1.1920928955078125e-07,1.1920929e-07,1.1920929e-07,0.0,12.672003,-1.605,-5.24,2.03,365.08,426.98,3.284497583250119,3.706807
2004-04-02,18245.656253849338,5.375416152605088,0.041353738820552974,0.1690361245581542,1.1920929e-07,1.1920929e-07,0.0,12.672003,3.13,-2.17,8.43,426.99,523.48,3.164332400264434,3.3401995
2004-04-03,18244.661348286794,3.2121124390119036,0.034798283444283,1.7769694328308105,1.1920929e-07,1.1920929e-07,0.0,12.768,8.205,2.89,13.52,411.79,758.06,3.0870886271428106,3.2383642
2004-04-04,18243.33910191059,1.4493279315096634,0.01232262271642798,0.6068441867828369,1.1920929e-07,1.1920929e-07,0.0,12.768,4.51,-1.61,10.63,457.0,551.14,3.0255407750392695,3.3605666
2004-04-05,18242.81679580023,-0.1402159186012526,1.1920928955078125e-07,0.4865064057096191,1.1920929e-07,1.1920929e-07,0.0,12.863997,4.13,-0.49,8.75,411.8,593.95,0.5867135966022872,3.309649
2004-04-06,18242.28031275409,-0.14576124933987072,1.1920928955078125e-07,0.5862601399421692,1.1920929e-07,1.1920929e-07,0.0,12.953581,4.445,-0.89,9.78,446.73,582.2,0.5610049671405718,3.177263
2004-04-07,18241.643732568537,-0.12392237507730247,1.1920928955078125e-07,0.6812634468078613,1.1920929e-07,1.1920929e-07,0.0,12.960006,4.745,0.58,8.91,380.22,647.76,0.6673468973761637,3.2790983
2004-04-08,18241.038134261325,-0.14708313274561577,1.1920928955078125e-07,0.5530089139938354,1.1920929e-07,1.1920929e-07,0.0,13.056003,4.34,-0.11,8.79,400.54,610.13,0.5550058349760473,3.3198326
2004-04-09,18240.207884627227,-0.05361585842602503,1.1920928955078125e-07,1.2101157903671265,1.1920929e-07,1.1920929e-07,0.0,13.056003,6.415,1.15,11.68,422.87,660.33,1.0976628941998388,3.330016
2004-04-10,18238.528704939654,0.07313230510522681,0.0005939553537014757,2.1474828720092773,1.1920929e-07,1.1920929e-07,0.0,13.152002,9.375,3.44,15.31,440.8,783.88,2.0106691843143305,3.5336866
2004-04-11,18236.08543767247,0.1800522915889333,0.002048067908532186,2.6304166316986084,1.1920929e-07,1.1920929e-07,0.0,13.152002,10.9,3.69,18.11,481.83,796.01,2.5591793940915455,4.022496
2004-04-12,18233.59881694026,0.1305344985995289,0.0012464779398817416,2.1553995609283447,1.1920929e-07,1.1920929e-07,0.0,13.248003,9.4,3.95,14.85,414.49,809.9,2.3447018940531223,4.6742425
2004-04-13,18232.205172662325,-0.0921150415218745,1.1920928955078125e-07,0.6812634468078613,1.1920929e-07,1.1920929e-07,0.0,13.343994,4.745,0.38,9.11,398.14,644.03,0.8464063479910652,4.664059
2004-04-14,18231.720814203258,1.262052516594975,0.010506389152479034,0.29805875576481,1.1920929e-07,6.15,6.15,13.343994,3.535,-1.02,8.09,321.97,581.67,3.019066290966534,4.3076353
2004-04-15,18231.66408350133,5.10481798850075,0.03675788542449864,1.1920928955078125e-07,3.7136674e-06,7.3299966,7.33,13.440002,1.29,-1.89,4.47,238.98,542.9,3.1545655354052657,3.767908
2004-04-16,18231.664115438136,9.131391379801405,0.0649011495446597,1.1920928955078125e-07,2.4516583e-05,7.279976,7.28,13.440002,1.1,-1.77,3.97,218.64,549.41,3.3030638426874637,3.4522183
2004-04-17,18231.664123857852,13.446925135019507,0.0987938372394003,1.1920928955078125e-07,7.411837e-07,8.289999,8.29,13.536,1.48,-2.22,5.18,284.0,537.83,3.4699884376751196,3.2587311
2004-04-18,18231.66414789495,13.834602652202241,0.103639332169539,1.1920928955078125e-07,1.1920929e-07,0.07,0.07,13.536,1.765,-1.72,5.25,350.99,548.54,3.4853905413389143,3.02451
2004-04-19,18231.5659089,13.166435922936365,0.11137432072583361,0.2726992465056952,1.1920929e-07,5.61,5.61,13.631997,3.455,-0.94,7.85,317.05,576.99,3.4588872894609874,2.8106556
2004-04-20,18231.474747143817,16.625564088859246,0.12484116391209314,1.1920928955078125e-07,2.4706125e-07,8.29,8.29,13.721575,1.6,-2.38,5.58,303.26,527.38,3.598309416161153,2.9328582
2004-04-21,18231.47735716773,21.81461692895771,0.15207290351006011,1.1920928955078125e-07,0.011518671,9.348481,9.36,13.728,0.51,-1.68,2.7,177.04,552.18,3.818066045835467,3.02451
2004-04-22,18231.261339530167,22.908311985214635,0.2164950847375225,0.7319320440292358,1.1920929e-07,0.38,0.38,13.824003,4.905,-0.74,10.55,492.26,582.84,3.8660697742362493,2.912491
2004-04-23,18230.687449291316,21.385198545052265,0.18573776203107442,0.3313248133384832,1.1920929e-07,3.41,3.41,13.824003,3.64,-2.06,9.34,417.1,537.02,3.7993816705254657,2.912491
2004-04-24,18230.61817680746,19.079914089656043,0.13992426869640248,1.1920928955078125e-07,1.1920929e-07,1.1920929e-07,0.0,13.919997,1.045,-3.17,5.26,415.61,493.18,3.7006285977496463,2.8004723
2004-04-25,18229.82607147169,16.072959291807404,0.20655979588901865,2.193401336669922,1.1920929e-07,1.1920929e-07,0.0,13.919997,9.52,3.64,15.4,473.81,798.98,3.575664935439128,2.780105
2004-04-26,18226.538616194342,15.549079738096173,0.27398203745147104,3.75620698928833,1.1920929e-07,1.1920929e-07,0.0,14.016,14.455,8.52,20.39,474.59,1121.26,3.554329148777298,3.4522183
2004-04-27,18223.658340410155,14.649991509362891,0.1817270930296192,1.9843934774398804,1.1920929e-07,1.1920929e-07,0.0,14.016,8.86,1.84,15.88,501.45,703.09,3.5180087312328596,4.5825906
2004-04-28,18222.574413374026,15.376541723439916,0.13473993829316308,0.2758702352520679,1.1920929e-07,6.59,6.59,14.111995,3.465,-1.9,8.83,380.24,543.46,3.5473301836569693,4.114148
2004-04-29,18221.928353320724,15.595215723359004,0.17472759949087538,1.4523743391036987,1.1920929e-07,1.1920929e-07,0.0,14.111995,7.18,2.7,11.66,390.89,744.78,3.556202983278712,3.6660726
2004-04-30,18219.731902890926,14.078041985141486,0.21377960416436578,2.926510810852051,1.1920929e-07,1.1920929e-07,0.0,14.208003,11.835,6.43,17.24,430.35,954.34,3.495097106411815,3.8188257
2004-05-01,18216.319685943366,13.771964286966151,0.24106022392409784,3.651703357696533,1.1920929e-07,1.1920929e-07,0.0,14.208003,14.125,8.27,19.98,450.29,1101.67,3.482897348795876,4.6335087
2004-05-02,18213.200154326907,13.200706563595144,0.18583082706740991,2.511662483215332,1.1920929e-07,1.1920929e-07,0.0,14.304003,10.525,4.78,16.27,484.8,875.99,3.460241739485022,5.5907607
2004-05-03,18210.71961591569,12.058177133088728,0.16426605070568062,2.3454065322875977,1.1920929e-07,1.1920929e-07,0.0,14.311055,10.0,4.77,15.23,462.0,868.24,3.415371128402417,5.8453493
2004-05-04,18208.885596898752,15.102642264291866,0.16651933353725246,1.276618242263794,1.1920929e-07,9.83,9.83,14.4,6.625,2.14,11.11,355.63,733.5,3.536247808736794,5.8351655
2004-05-05,18208.33701498238,17.286275152372184,0.1440592310329547,1.1920928955078125e-07,1.1920929e-07,0.95,0.95,14.407056,2.415,-0.4,5.23,282.92,612.09,3.625572154336262,5.3769064
2004-05-06,18208.16241384017,16.29011572409168,0.15599586039186486,0.5688427090644836,1.1920929e-07,4.01,4.01,14.496,4.39,0.75,8.03,262.15,651.26,3.5845464627962005,4.266901
2004-05-07,18207.079086408536,17.045233602670763,0.19687379575962746,1.4697916507720947,1.1920929e-07,3.18,3.18,14.496,7.235,3.04,11.43,317.43,772.74,3.6156022731327107,4.2363505
2004-05-08,18205.80130383129,18.82678354723687,0.19749344877061376,0.9726072549819946,1.1920929e-07,5.55,5.55,14.592003,5.665,2.03,9.3,279.13,722.78,3.6899426857004594,4.755711
2004-05-09,18205.20430869123,21.607187828344088,0.19683238577885334,0.3012276262125084,1.1920929e-07,6.66,6.66,14.592003,3.545,0.46,6.63,235.07,644.88,3.8090291768162325,4.460388
2004-05-10,18204.988889454322,27.684172792368578,0.2449535963815039,0.1314642549912115,1.1920929e-07,13.05,13.05,14.688,3.015,0.22,5.81,217.77,632.89,4.082861153606689,4.1446986
2004-05-11,18204.94970492296,32.7527069779918,0.2799779871943315,1.1920928955078125e-07,1.1920929e-07,5.53,5.53,14.688,2.505,-1.18,6.19,306.51,579.08,4.326249897264314,4.37892
2004-05-12,18204.827496865077,34.515714700296584,0.32059880407960845,0.3313248133384832,1.1920929e-07,6.83,6.83,14.784,3.64,1.26,6.02,197.86,681.87,4.414266778926308,3.747541
2004-05-13,18204.32409338571,33.666702870279686,0.3363291713736112,0.6765133142471313,1.1920929e-07,1.1920929e-07,0.0,14.784,4.73,1.2,8.26,364.56,672.65,4.37165916504473,3.5133197
2004-05-14,18203.3180280537,29.57794181968914,0.33772955694579876,1.2892853021621704,1.1920929e-07,1.1920929e-07,0.0,14.873578,6.665,2.5,10.83,413.23,738.75,4.172154128078484,3.482769
2004-05-15,18202.159641460148,30.13303834698014,0.32032080407513014,0.9425228834152222,1.1920929e-07,7.02,7.02,14.88,5.57,2.93,8.21,214.4,761.6,4.1986956573011085,3.767908
2004-05-16,18201.5395533513,31.465199691963026,0.29677916311414704,0.3709160199219177,1.1920929e-07,3.49,3.49,14.887058,3.765,1.54,5.99,201.8,700.79,4.263082842048553,4.338186
2004-05-17,18200.793458422464,30.596983221017876,0.3487912062548155,1.2481170892715454,1.1920929e-07,2.42,2.42,14.975997,6.535,2.53,10.54,358.66,744.29,4.221008326417942,4.03268
2004-05-18,18199.294558661746,29.53509153581938,0.37372770759458135,1.7563855648040771,1.1920929e-07,1.48,1.48,14.975997,8.14,3.57,12.71,397.58,795.68,4.170112262788071,5.2037864
2004-05-19,18197.882080759337,28.33306596825253,0.31799218713855487,1.142029881477356,1.1920929e-07,2.22,2.22,15.071998,6.2,2.44,9.96,350.65,743.24,4.113239760439756,6.772051
2004-05-20,18196.54821946884,26.470952743490802,0.32132017096039095,1.5220435857772827,1.1920929e-07,1.1920929e-07,0.0,15.071998,7.4,3.65,11.15,420.06,811.15,4.026663605390159,6.0082855
2004-05-21,18195.007957921127,23.9357121555076,0.2880999341440264,1.4808753728866577,1.1920929e-07,1.14,1.14,15.071998,7.27,3.56,10.98,376.27,812.03,3.9117133663655648,5.916634
2004-05-22,18194.09438672649,30.796955521987226,0.29536342697263346,0.3614146493406647,1.1920929e-07,17.8,17.8,15.168,3.735,1.8,5.67,174.02,712.45,4.23066219875587,6.5378294
2004-05-23,18193.675011879615,39.234942101747095,0.3993376080669391,0.6432620882987976,1.1920929e-07,7.48,7.48,15.168,4.625,2.19,7.06,219.15,732.59,4.658783397435797,5.916634
2004-05-24,18192.607567180974,37.18149113185055,0.4516188417495528,1.4919590950012207,1.1920929e-07,1.1920929e-07,0.0,15.175058,7.305,2.6,12.01,487.28,745.02,4.550766385352747,5.3361726
2004-05-25,18190.71762734377,43.07310017811638,0.6060267803800375,2.1854841709136963,1.1920929e-07,19.76,19.76,15.263997,9.495,4.19,14.8,371.69,829.02,4.8676027791571395,5.081584
2004-05-26,18188.767422666602,69.20985305731466,0.854136035906471,1.5410443544387817,1.1920929e-07,40.77,40.77,15.263997,7.46,4.04,10.88,280.71,832.59,6.561299131025237,17.923021
2004-05-27,18187.680628868206,97.50957318491965,0.9985415208166071,0.6400952339172363,1.1920929e-07,27.53,27.53,15.271052,4.615,1.81,7.42,272.04,717.84,9.065585874113557,20.265234
2004-05-28,18187.39590829641,113.49928578052021,1.011861235929716,1.1920928955078125e-07,1.1920929e-07,25.57,25.57,15.359997,2.465,-0.26,5.19,264.51,618.46,10.882461192105644,19.552387
2004-05-29,18187.395397567812,119.74423522711245,1.0154922434801243,1.1920928955078125e-07,3.5524369e-07,11.92,11.92,15.359997,1.73,-0.07,3.53,182.78,630.39,11.687208089321155,15.173468
2004-05-30,18187.361086604607,120.38795317267846,1.125268061027802,0.18031654305279332,1.1920929e-07,14.74,14.74,15.359997,3.165,0.86,5.47,242.33,676.16,11.77347089402511,13.238596
2004-05-31,18187.225392596876,114.83754788243824,1.0720333739504802,0.14628013223344638,1.1920929e-07,1.1920929e-07,0.0,15.449575,3.06,-0.44,6.56,453.57,618.74,11.050114332181769,12.118407
2004-06-01,18186.70613572641,103.91558728761753,1.1451357765052668,0.9330224990844727,1.1920929e-07,1.1920929e-07,0.0,15.456,5.54,0.46,10.62,547.25,643.1,9.753907457126415,8.798574
2004-06-02,18185.28574996637,94.86921863284319,1.2635394713089552,1.852972149848938,1.1920929e-07,1.1920929e-07,0.0,15.456,8.445,3.23,13.66,540.41,776.99,8.796219113227435,6.9960885
2004-06-03,18182.76446376642,87.5654901437988,1.5106770622297971,3.146601915359497,1.1920929e-07,1.1920929e-07,0.0,15.456,12.53,6.49,18.57,554.76,967.6,8.092065144793166,6.7516837
2004-06-04,18179.159890788145,81.70606057523138,1.607396054979581,3.803708553314209,1.1920929e-07,1.1920929e-07,0.0,15.505464,14.605,8.78,20.43,522.44,1142.83,7.568127438996543,7.8515058
2004-06-05,18176.137576152094,87.21578001650984,1.2403091999206715,2.1458992958068848,1.1920929e-07,22.25,22.25,15.552,9.37,3.9,14.84,396.83,830.29,8.059801035698715,9.501238
2004-06-06,18174.572393413546,96.34218421084594,1.0881817085498067,1.0216923952102661,1.1920929e-07,12.28,12.28,15.552,5.82,1.84,9.8,354.68,720.28,8.945487237413278,11.100053
2004-06-07,18173.921527780374,97.17923609232822,0.9684991945738947,0.4247536290373475,1.1920929e-07,8.53,8.53,15.552,3.935,1.46,6.41,243.05,701.16,9.031438812076871,8.798574
2004-06-08,18172.95249463434,96.12909898650933,1.2181922294563416,1.5790456533432007,1.1920929e-07,7.5,7.5,15.552,7.58,3.56,11.6,354.02,806.24,8.92373779248553,7.9635243
2004-06-09,18171.022453960963,94.25597675303834,1.2838274987876301,1.930558204650879,1.1920929e-07,5.39,5.39,15.559052,8.69,5.4,11.98,295.64,916.62,8.734810852055913,8.330132
2004-06-10,18169.569736565267,92.79134371832338,1.0427088521165517,0.9694405198097229,1.1920929e-07,8.5,8.5,15.641572,5.655,2.12,9.19,328.04,734.38,8.589875803620941,8.706923
2004-06-11,18169.101235939306,89.735245832477,0.820264712606677,1.1920928955078125e-07,1.1920929e-07,3.49,3.49,15.647997,2.56,0.33,4.79,242.64,648.79,8.295152630745996,7.8515058
2004-06-12,18168.90333966389,86.11608781180519,0.8910829983384945,0.573593020439148,1.1920929e-07,7.41,7.41,15.647997,4.405,1.55,7.26,266.24,695.01,7.959179798146745,6.486912
2004-06-13,18168.151967313934,89.68008999758645,0.9909995317947284,0.8871041536331177,1.1920929e-07,15.08,15.08,15.647997,5.395,2.0,8.79,306.78,722.98,8.289927485583208,9.653992
2004-06-14,18167.434896956056,91.83768984931453,0.9389426384871623,0.5165908316861518,1.1920929e-07,5.66,5.66,15.647997,4.225,0.78,7.67,319.93,670.1,8.496800724228914,8.859675
2004-06-15,18166.748924173935,85.60888757821633,0.982895946162805,1.070777416229248,1.1920929e-07,1.1920929e-07,0.0,15.647997,5.975,0.86,11.09,533.83,661.11,7.913195507462622,7.138658
2004-06-16,18164.832510263266,78.79649119141742,1.278715574426412,2.774505138397217,1.1920929e-07,1.1920929e-07,0.0,15.647997,11.355,6.14,16.57,498.3,940.8,7.320705206078569,6.619298
2004-06-17,18161.406590058843,73.70523496716262,1.4808851977400772,3.8654611110687256,1.1920929e-07,1.1920929e-07,0.0,15.647997,14.8,9.7,19.9,463.28,1216.17,6.907059463782484,7.118291
2004-06-18,18157.541598217613,69.39347167731268,1.3895730891130875,3.84804368019104,1.1920929e-07,1.1920929e-07,0.0,15.647997,14.745,9.98,19.51,449.66,1239.18,6.57507698166149,7.6376514
2004-06-19,18154.01706341686,65.22589915555083,1.2013314543222184,3.4173617362976074,1.1920929e-07,1.1920929e-07,0.0,15.647997,13.385,9.3,17.47,401.59,1183.67,6.269369634611876,6.9553547
2004-06-20,18150.230554108475,61.61972500546792,1.3030598863252223,4.131470680236816,1.1920929e-07,1.1920929e-07,0.0,15.647997,15.64,11.24,20.04,416.44,1339.55,6.016338016257366,6.486912
2004-06-21,18145.700376046345,58.85706385323909,1.4451038076648859,4.918415546417236,1.1920929e-07,1.1920929e-07,0.0,15.647997,18.125,12.46,23.79,476.85,1437.58,5.829423133265772,7.2710443
2004-06-22,18140.79904412268,56.59078987089693,1.373831301694344,4.858246326446533,1.1920929e-07,1.1920929e-07,0.0,15.647997,17.935,12.48,23.39,458.81,1441.85,5.680436427408009,8.523619
2004-06-23,18136.23797688897,54.271381455321844,1.1940916661512877,4.338894844055176,1.1920929e-07,1.1920929e-07,0.0,15.647997,16.295,12.34,20.25,417.46,1431.63,5.531898547038677,10.285371
2004-06-24,18132.156663652535,51.784739960089915,1.0262346788770214,3.794208288192749,1.1920929e-07,1.1920929e-07,0.0,15.647997,14.575,10.92,18.23,407.85,1313.59,5.376962412489583,11.201889
2004-06-25,18128.64589218617,49.053483159023756,0.872105530396757,3.2368550300598145,1.1920929e-07,1.1920929e-07,0.0,15.647997,12.815,7.6,18.03,495.18,1063.38,5.211781041015663,10.692712
2004-06-26,18125.67757345686,46.0931622381164,0.7377173693385225,2.704836130142212,1.1920929e-07,1.1920929e-07,0.0,15.647997,11.135,6.42,15.85,474.12,976.45,5.038471956663329,9.256833
2004-06-27,18123.03556555193,43.0817571974134,0.6693645329799499,2.555997371673584,1.1920929e-07,1.1920929e-07,0.0,15.647997,10.665,5.94,15.39,463.35,943.83,4.868084199375276,6.772051
2004-06-28,18120.1616811608,40.47489534600925,0.7087086152650496,3.159268856048584,1.1920929e-07,1.1920929e-07,0.0,15.647997,12.57,7.73,17.41,448.53,1061.05,4.7252459077651245,6.4970956
2004-06-29,18116.850545415862,38.406210878177085,0.7225970310770276,3.5266153812408447,1.1920929e-07,1.1920929e-07,0.0,15.647997,13.73,9.1,18.36,420.08,1167.6,4.614884729128756,7.2404933
2004-06-30,18113.260339928995,36.70841849973279,0.7161795773507126,3.7134554386138916,1.1920929e-07,1.1920929e-07,0.0,15.647997,14.32,8.85,19.79,480.22,1148.86,4.5262385807191325,7.8107715
2004-07-01,18109.422566836598,35.33373388053816,0.736200129129135,4.069718360900879,1.1920929e-07,1.1920929e-07,0.0,15.601469,15.445,9.41,21.48,508.48,1192.75,4.4557117875807695,7.7904043
2004-07-02,18105.9970486323,33.693526646168074,0.6186702960753058,3.4331955909729004,1.1920929e-07,1.1920929e-07,0.0,15.552,13.435,7.79,19.08,502.64,1071.58,4.372999002406246,7.209943
2004-07-03,18103.09361494473,31.71079909543995,0.4856589600210627,2.514829158782959,1.1920929e-07,1.1920929e-07,0.0,15.552,10.535,6.82,14.25,390.8,1011.23,4.275060718069894,7.2201266
2004-07-04,18100.655079380263,29.45846840240706,0.4312747501859311,2.289987802505493,1.1920929e-07,1.1920929e-07,0.0,15.552,9.825,5.83,13.82,417.51,945.45,4.16646357314845,6.8433356
2004-07-05,18097.957412248466,27.58586046599653,0.4720500058885804,3.073765993118286,1.1920929e-07,1.1920929e-07,0.0,15.552,12.3,6.9,17.7,500.47,1008.86,4.078278172598516,6.323975
2004-07-06,18094.895046054356,26.14433821997813,0.43049899514365975,2.8790090084075928,1.1920929e-07,1.1920929e-07,0.0,15.552,11.685,5.87,17.5,515.47,953.23,4.011667095576575,7.118291
2004-07-07,18092.78206742633,23.934301103095954,0.29816365051039556,1.5236270427703857,1.1920929e-07,1.1920929e-07,0.0,15.463053,7.405,3.05,11.76,443.38,787.5,3.91165031042579,6.4563613
2004-07-08,18091.185993342548,21.38993295670328,0.2743240347412464,1.6677154302597046,1.1920929e-07,1.1920929e-07,0.0,15.456,7.86,4.14,11.58,400.74,844.32,3.799587169669959,4.816812
2004-07-09,18089.445343726322,19.11752190925223,0.2525780637201924,1.813387393951416,1.1920929e-07,1.1920929e-07,0.0,15.456,8.32,4.63,12.01,395.28,877.26,3.7022188509790555,4.7047935
2004-07-10,18087.58865530762,19.349071600453936,0.25962102619917643,1.8893903493881226,1.1920929e-07,4.6,4.6,15.456,8.56,4.44,12.68,359.98,869.59,3.7120250377091555,4.124332
2004-07-11,18085.63533369584,19.588160030630327,0.27027787669440717,2.0556461811065674,1.1920929e-07,1.1920929e-07,0.0,15.367059,9.085,3.38,14.79,506.3,798.13,3.722177748894742,4.03268
2004-07-12,18082.706326307332,18.513360027030025,0.3692732634438196,3.924046277999878,1.1920929e-07,1.1920929e-07,0.0,15.359997,14.985,8.13,21.84,526.06,1091.85,3.6767542507489748,4.8982806
2004-07-13,18078.289000147946,18.84117539119714,0.4448511522439254,4.80916166305542,1.1920929e-07,1.1920929e-07,0.0,15.359997,17.78,12.36,23.2,435.21,1429.01,3.6905494095937543,6.598931
2004-07-14,18073.238552268936,19.70791554483746,0.493156494509213,5.121088981628418,1.1920929e-07,1.1920929e-07,0.0,15.353575,18.765,13.31,24.22,435.32,1524.19,3.7272735101589127,8.146828
2004-07-15,18068.362014104594,20.36305134894499,0.4598347525349577,4.606487274169922,1.1920929e-07,1.1920929e-07,0.0,15.263997,17.14,10.76,23.52,496.1,1301.38,3.7552741617783876,7.820955
2004-07-16,18064.097529613722,20.435309577017616,0.40754018982467666,3.955714225769043,1.1920929e-07,1.1920929e-07,0.0,15.263997,15.085,9.49,20.68,457.81,1199.47,3.758375345912489,7.596917
2004-07-17,18059.454209862113,20.84837418671892,0.5391871403024119,5.331679821014404,1.1920929e-07,1.1920929e-07,0.0,15.257575,19.43,14.59,24.27,398.73,1659.71,3.776152513335635,8.605087
2004-07-18,18054.313175672993,21.664125347873373,0.5140662737560068,4.902581691741943,1.1920929e-07,1.1920929e-07,0.0,15.168,18.075,12.91,23.24,425.44,1488.43,3.8115075883911618,8.472701
2004-07-19,18049.733562102127,21.93618099124453,0.46026645768948765,4.253391265869141,1.1920929e-07,1.1920929e-07,0.0,15.168,16.025,10.94,21.11,434.11,1327.51,3.8233720742729544,10.132617
2004-07-20,18045.838377877575,21.58569675794502,0.3947164075240955,3.5424492359161377,1.1920929e-07,1.1920929e-07,0.0,15.161578,13.78,8.52,19.04,452.62,1145.48,3.808094119208307,7.159025
2004-07-21,18042.605264055674,20.666398761605215,0.35389630888545875,3.2368550300598145,1.1920929e-07,1.1920929e-07,0.0,15.071998,12.815,7.02,18.61,479.65,1027.12,3.768310451630125,5.7435136
2004-07-22,18038.713125659426,20.40201166566397,0.4504373325149198,4.554235935211182,1.1920929e-07,1.1920929e-07,0.0,15.071998,16.975,11.99,21.96,396.68,1399.26,3.7569459455836056,6.3137918
2004-07-23,18033.515081427653,21.309792750850495,0.5941276500422246,5.836781024932861,1.1920929e-07,1.1920929e-07,0.0,14.983053,21.025,16.3,25.75,360.9,1844.43,3.796110147886727,7.1793923
2004-07-24,18027.36505986377,22.97393688302981,0.6719514715468113,6.101207733154297,1.1920929e-07,1.1920929e-07,0.0,14.975997,21.86,16.39,27.33,390.31,1857.74,3.868969256572659,8.146828
2004-07-25,18021.886394415782,23.942362648780904,0.5531367725955667,4.82816219329834,1.1920929e-07,1.1920929e-07,0.0,14.975997,17.84,10.79,24.89,483.85,1305.31,3.912010571778081,7.647835
2004-07-26,18017.581300306996,23.834495877847306,0.45412812376459327,3.851210594177246,1.1920929e-07,1.1920929e-07,0.0,14.88,14.755,9.27,20.24,434.81,1181.69,3.907192874868324,6.2934246
2004-07-27,18013.313385172758,23.712664654365593,0.5156209691483464,4.541568279266357,1.1920929e-07,1.1920929e-07,0.0,14.88,16.935,11.5,22.37,418.4,1359.97,3.9017586125515393,6.9146204
2004-07-28,18008.880520448303,23.73947907763478,0.49826932781740063,4.389563083648682,1.1920929e-07,1.1920929e-07,0.0,14.784,16.455,10.77,22.14,431.63,1301.51,3.9029540165717562,7.0266395
2004-07-29,18004.32943120627,23.870050207066456,0.5291642599984897,4.677740097045898,1.1920929e-07,1.1920929e-07,0.0,14.784,17.365,12.98,21.75,344.55,1488.26,3.908780196285244,7.077557
2004-07-30,17999.84597876326,23.931207742703876,0.48994412819248945,4.275558948516846,1.1920929e-07,1.1920929e-07,0.0,14.737467,16.095,10.75,21.44,428.07,1301.44,3.9115120804589734,7.4339805
2004-07-31,17995.78733556075,23.617217653163497,0.4430967398279683,3.83854341506958,1.1920929e-07,1.1920929e-07,0.0,14.688,14.715,9.73,19.7,409.39,1220.77,3.897506494963803,7.250677
2004-08-01,17991.707072520083,23.34772975272575,0.4747476508544392,4.259725093841553,1.1920929e-07,1.1920929e-07,0.0,14.681575,16.045,11.3,20.79,371.34,1344.21,3.8855259353092024,7.383063
2004-08-02,17987.487817272857,23.216087807457182,0.4528359485340485,4.074468612670898,1.1920929e-07,1.1920929e-07,0.0,14.592003,15.46,9.52,21.4,437.25,1201.97,3.8796869562956333,6.782234
2004-08-03,17983.878908509312,22.546948593344226,0.36906867769345997,3.17193603515625,1.1920929e-07,1.1920929e-07,0.0,14.592003,12.61,7.32,17.9,426.9,1041.04,3.850142661613406,5.957368
2004-08-04,17980.652339440872,21.57719043634444,0.356035160911414,3.2463555335998535,1.1920929e-07,1.1920929e-07,0.0,14.496,12.845,8.37,17.32,387.97,1122.55,3.807724080033207,5.7638807
2004-08-05,17977.891235477477,20.773539413561526,0.28483294206709053,2.3137385845184326,1.1920929e-07,1.52,1.52,14.496,9.9,6.31,13.49,292.69,985.35,3.7729256046378596,5.8453493
2004-08-06,17975.657161363797,29.25239152230412,0.3869148461431484,2.1680667400360107,1.1920929e-07,19.6,19.6,14.4,9.44,6.68,12.2,184.2,997.38,4.156666303082097,6.548013
2004-08-07,17973.7435934128,45.6267452911658,0.5580160118007903,1.7817198038101196,1.1920929e-07,17.26,17.26,14.4,8.22,4.78,11.66,269.78,891.46,5.01169655613452,6.965538
2004-08-08,17971.167901661156,54.480099929183616,0.9413243848865854,3.5503664016723633,1.1920929e-07,7.43,7.43,14.304003,13.805,8.39,19.22,344.7,1112.95,5.545104577694727,4.8677297
2004-08-09,17966.846221353346,55.06935683825531,1.248899864961029,4.973834037780762,1.1920929e-07,1.1920929e-07,0.0,14.304003,18.3,11.89,24.71,449.33,1391.22,5.5825584172587055,4.837179
2004-08-10,17961.612837429217,53.48505102799652,1.3056360274804184,5.404515743255615,1.1920929e-07,1.1920929e-07,0.0,14.208003,19.66,14.67,24.65,352.06,1667.2,5.4824276899504465,5.8555326
2004-08-11,17956.12428739949,52.220545826423795,1.3196288246190924,5.591355800628662,1.1920929e-07,1.1920929e-07,0.0,14.208003,20.25,14.1,26.4,418.87,1609.5,5.403799226533044,7.1284747
2004-08-12,17950.36723169509,51.25846225944315,1.3704694496014327,5.934951305389404,1.1920929e-07,1.1920929e-07,0.0,14.111995,21.335,15.88,26.79,381.46,1799.39,5.34473195859386,8.187562
2004-08-13,17944.38250138913,50.54486784213252,1.3707041853757664,6.012537479400635,1.1920929e-07,1.1920929e-07,0.0,14.111995,21.58,15.52,27.64,420.48,1763.48,5.301338157016664,8.401417
2004-08-14,17938.4146359689,49.8827888680885,1.3226975866541684,5.927034378051758,1.1920929e-07,1.1920929e-07,0.0,14.016,21.31,16.08,26.54,383.68,1821.92,5.261392160904776,8.319948
2004-08-15,17932.820837515002,49.00325853864298,1.1588889208308086,5.309512615203857,1.1920929e-07,1.1920929e-07,0.0,14.009578,19.36,14.13,24.59,397.21,1613.68,5.208791547799804,7.7394867
2004-08-16,17927.80849149679,47.75991482188577,1.009491025648505,4.7442426681518555,1.1920929e-07,1.1920929e-07,0.0,13.919997,17.575,12.8,22.35,368.75,1477.5,5.13532886106323,8.615271
2004-08-17,17923.373038573023,46.169048921515504,0.8822677821003397,4.247057914733887,1.1920929e-07,1.1920929e-07,0.0,13.831053,16.005,11.65,20.36,356.94,1375.94,5.042841861881955,7.820955
2004-08-18,17919.050325501954,44.61464336670917,0.8878305644208148,4.462399005889893,1.1920929e-07,1.1920929e-07,0.0,13.824003,16.685,12.4,20.97,325.35,1433.3,4.954083614061841,6.435994
2004-08-19,17914.545055705978,43.32364346504384,0.8712099083720933,4.554235935211182,1.1920929e-07,1.1920929e-07,0.0,13.728,16.975,12.32,21.63,352.87,1425.86,4.881554857459733,6.8229685
2004-08-20,17909.93184720898,42.205981015538484,0.8456815478318043,4.535235404968262,1.1920929e-07,1.1920929e-07,0.0,13.728,16.915,12.96,20.87,301.99,1485.05,4.819622368121833,6.5174623
2004-08-21,17905.879023009482,42.091797633038965,0.6888479255136385,3.5186984539031982,1.1920929e-07,3.7,3.7,13.631997,13.705,9.38,18.03,315.2,1197.68,4.8133395856183405,6.588747
2004-08-22,17902.899424274096,55.82889026242735,0.7405049955837336,2.454660415649414,1.1920929e-07,30.34,30.34,13.631997,10.345,6.56,14.13,238.48,999.51,5.631208662595895,9.959497
2004-08-23,17900.706545261153,71.87716680704706,0.876112044244891,2.069896697998047,1.1920929e-07,12.25,12.25,13.536,9.13,5.91,12.35,224.52,949.91,6.764308870179727,6.130488
2004-08-24,17898.697810849815,91.94230155286945,1.0936927246187926,1.949558973312378,1.1920929e-07,40.62,40.62,13.536,8.75,6.68,10.82,140.23,1010.86,8.506961212451296,17.413845
2004-08-25,17896.804648400765,128.9264990935422,1.4902815491784283,1.843471884727478,1.1920929e-07,50.68,50.68,13.440002,8.415,6.79,10.04,122.06,1014.97,12.979787964418739,23.320295
2004-08-26,17894.889377697866,154.10139781769558,1.6252506971359253,2.044562578201294,1.1920929e-07,41.11,41.11,13.343994,9.05,6.7,11.4,182.01,1005.04,32.2146806942368,21.8946
2004-08-27,17892.682904306,149.8671224708599,1.7356884479522705,2.3707406520843506,1.1920929e-07,12.13,12.13,13.343994,10.08,6.79,13.37,239.34,1010.68,27.98040534740111,16.089985
2004-08-28,17890.285331330328,134.7336752170888,1.7516684136131728,2.4974117279052734,1.1920929e-07,1.1920929e-07,0.0,13.248003,10.48,7.41,13.55,291.05,1052.43,13.87008480680139,10.590877
2004-08-29,17887.32953363518,122.8897532023782,1.9299099405114029,3.453779697418213,1.1920929e-07,1.1920929e-07,0.0,13.248003,13.5,7.74,19.26,435.63,1070.4,12.11481894676216,9.165181
2004-08-30,17883.446393273538,113.30798105110864,2.0827494726632927,4.307226657867432,1.1920929e-07,1.1920929e-07,0.0,13.152002,16.195,10.59,21.8,413.86,1286.97,10.858703859111765,8.157012
2004-08-31,17878.758837693902,105.29053425198977,2.0870622200929154,4.704658031463623,1.1920929e-07,1.1920929e-07,0.0,13.152002,17.45,12.21,22.69,377.29,1417.99,9.90832591176167,7.209943
2004-09-01,17874.964333213084,99.7603321996532,1.3410172725888267,2.7380871772766113,1.1920929e-07,4.65,4.65,13.056003,11.24,5.49,16.99,324.91,936.12,9.301709597049214,6.1406717
2004-09-02,17872.95654063102,98.9436404725494,1.024045011072005,1.4808753728866577,1.1920929e-07,10.18,10.18,12.960006,7.27,3.76,10.78,245.61,821.32,9.215329064467081,5.56021
2004-09-03,17871.336625536707,95.93766863293371,1.0638524743396396,1.8181376457214355,1.1920929e-07,1.1920929e-07,0.0,12.960006,8.335,4.54,12.13,337.63,856.89,8.90424373950696,4.114148
2004-09-04,17869.656453835883,88.22077114381479,0.9256445702876901,1.5837956666946411,1.1920929e-07,1.1920929e-07,0.0,12.863997,7.595,4.16,11.03,309.69,840.87,8.152869242360643,4.287268
2004-09-05,17868.021510653158,81.13219836297232,0.8787132157782798,1.7389681339263916,1.1920929e-07,1.1920929e-07,0.0,12.863997,8.085,3.93,12.24,363.35,840.37,7.518674444061593,4.002129
2004-09-06,17866.072944746942,74.93584780056823,0.8740667757406024,2.1411490440368652,1.1920929e-07,1.1920929e-07,0.0,12.768,9.355,3.55,15.16,426.83,796.48,7.00484853515216,3.941028
2004-09-07,17863.73871306941,69.59174525332612,0.8646008586912786,2.492661952972412,1.1920929e-07,1.1920929e-07,0.0,12.672003,10.465,5.57,15.36,371.61,909.04,6.5899869583554604,4.093781
2004-09-08,17861.02824802982,65.00836455115012,0.886535640180489,2.9613451957702637,1.1920929e-07,1.1920929e-07,0.0,12.672003,11.945,7.67,16.22,325.91,1054.2,6.25380883046558,4.226167
2004-09-09,17858.258491834302,60.84671581695719,0.7573846507187818,2.540163516998291,1.1920929e-07,1.1920929e-07,0.0,12.575997,10.615,6.07,15.16,358.37,952.12,5.963442357741742,4.0428634
2004-09-10,17855.88090324431,61.28437039427199,0.7163302206708476,2.2266523838043213,1.1920929e-07,11.55,11.55,12.575997,9.625,4.78,14.47,284.05,870.65,5.993332912470895,3.7373574
2004-09-11,17853.68381969334,77.1636764179256,0.880876248802128,2.1474828720092773,1.1920929e-07,30.19,30.19,12.48,9.375,4.45,14.3,288.24,860.71,7.185415438103958,13.747772
2004-09-12,17851.782066668886,90.24819033947294,0.9237811427472629,1.6487149000167847,1.1920929e-07,8.31,8.31,12.383997,7.8,4.43,11.17,216.93,856.25,8.343904040597188,8.034809
2004-09-13,17850.338100980924,100.95892132025011,0.9510698233120848,1.2449504137039185,1.1920929e-07,28.69,28.69,12.383997,6.525,5.21,7.84,106.7,897.57,9.429951268654,10.183536
2004-09-14,17849.263256451042,114.64661339067413,1.0067580272221166,0.9441061615943909,1.1920929e-07,19.67,19.67,12.288,5.575,2.96,8.19,182.44,782.97,11.026037633902588,9.755827
2004-09-15,17848.224469361317,126.12681947280744,1.1575071248308362,1.156280517578125,1.1920929e-07,25.7,25.7,12.288,6.245,4.02,8.47,153.99,831.0,12.571215943450127,12.6275835
2004-09-16,17847.08292778491,134.44322869730183,1.213385078567507,1.1135289669036865,1.1920929e-07,17.64,17.64,12.192,6.11,3.37,8.85,193.36,798.4,13.824144073155763,9.745643
2004-09-17,17846.026590821963,135.90325571117737,1.1822295701473382,0.9710237979888916,1.1920929e-07,13.85,13.85,12.103056,5.66,2.36,8.96,230.74,744.39,14.04130189314495,8.625454
2004-09-18,17845.400618522388,135.34598616562877,1.00773072576494,0.23460591286144172,1.1920929e-07,13.73,13.73,12.096,3.335,1.38,5.29,139.6,691.18,13.966257676891448,7.1793923
2004-09-19,17845.33555502036,130.69029966649748,0.9264178480329875,0.03275949336751349,1.1920929e-07,6.02,6.02,12.000006,2.725,0.94,4.51,131.75,668.77,13.24397969035948,6.0082855
2004-09-20,17844.956968360664,119.99959934244232,0.9824654590832168,0.7224316000938416,1.1920929e-07,1.1920929e-07,0.0,12.000006,4.875,1.38,8.37,307.04,686.5,11.721352813898887,5.173236
2004-09-21,17844.036544181687,108.97610607203944,0.9656807081711081,1.140446662902832,1.1920929e-07,1.1920929e-07,0.0,11.903997,6.195,1.7,10.69,365.42,701.35,10.334413967099344,4.4400215
2004-09-22,17842.420189745135,99.73196935343725,1.063942949913334,2.0461459159851074,1.1920929e-07,1.1920929e-07,0.0,11.903997,9.055,5.21,12.9,315.25,888.73,9.298696163890503,4.5214896
2004-09-23,17840.206031071528,92.89189656901654,1.0441162058870763,2.3454065322875977,1.1920929e-07,1.96,1.96,11.808002,10.0,6.68,13.32,260.55,986.56,8.599748824849389,4.9593816
2004-09-24,17837.4796417766,87.01444910818283,1.1223902620309099,3.0785160064697266,1.1920929e-07,1.1920929e-07,0.0,11.711994,12.315,7.64,16.99,343.69,1050.87,8.041284712085996,4.490939
2004-09-25,17834.157292358257,81.4184011828635,1.1268926693693933,3.437945604324341,1.1920929e-07,1.1920929e-07,0.0,11.711994,13.45,8.08,18.82,352.6,1086.71,7.543297655729587,4.2567177
2004-09-26,17830.935928660998,76.2742140293867,0.9487267229906655,2.9360110759735107,1.1920929e-07,1.1920929e-07,0.0,11.615997,11.865,6.14,17.59,366.85,958.5,7.112772368583247,4.2159834
2004-09-27,17827.550902971252,71.73165228622199,1.0643257140072984,3.83854341506958,1.1920929e-07,1.1920929e-07,0.0,11.615997,14.715,10.44,18.99,304.21,1275.3,6.753073479719865,4.2567177
2004-09-28,17823.38475812568,68.18596637735449,1.0816726763417248,4.229640483856201,1.1920929e-07,1.1920929e-07,0.0,11.520002,15.95,10.17,21.73,352.84,1253.76,6.48499929786851,4.470572
2004-09-29,17820.08201214188,64.25534528446134,0.6934353893791968,2.3074052333831787,1.1920929e-07,1.1920929e-07,0.0,11.424,9.88,5.72,14.04,309.08,931.89,6.200241087255747,3.8595598
2004-09-30,17818.055267233707,59.61403573425578,0.599643958669354,1.959059238433838,1.1920929e-07,1.1920929e-07,0.0,11.424,8.78,4.46,13.1,313.4,854.0,5.880052655804904,3.482769
2004-10-01,17815.732459269955,55.57528095726778,0.6404766133552026,2.6779184341430664,1.1920929e-07,1.1920929e-07,0.0,11.328,11.05,7.21,14.89,271.07,1016.44,5.614917309284984,3.330016
2004-10-02,17812.78050473976,52.35958614043747,0.6672214273846214,3.1861865520477295,1.1920929e-07,1.1920929e-07,0.0,11.328,12.655,8.35,16.96,278.82,1107.74,5.412389445632792,3.1059783
2004-10-03,17809.42442961963,49.71771542926564,0.6710213179016588,3.523448944091797,1.1920929e-07,1.1920929e-07,0.0,11.2319975,13.72,9.08,18.36,286.88,1166.67,5.251479556535822,3.065244
2004-10-04,17805.732942329294,47.550120506523434,0.6790696639636847,3.8591272830963135,1.1920929e-07,1.1920929e-07,0.0,11.136003,14.78,9.47,20.09,308.24,1197.53,5.123035773404022,3.065244
2004-10-05,17801.93212770399,49.285507057640004,0.6641943366727011,3.5598666667938232,1.1920929e-07,8.57,8.57,11.136003,13.835,9.01,18.66,226.07,1161.06,5.225613962863003,3.2383642
2004-10-06,17799.166895386683,56.78395287411861,0.5503838208084461,1.9448087215423584,1.1920929e-07,12.11,12.11,11.04,8.735,3.97,13.5,229.31,828.97,5.692985286809907,5.7333302
2004-10-07,17797.53483207848,58.184267056144364,0.5119796820112777,1.4713751077651978,1.1920929e-07,1.1920929e-07,0.0,11.04,7.24,2.79,11.69,299.91,763.49,5.7847896384675845,3.5336866
2004-10-08,17795.73075173075,64.02137929720081,0.635793490916746,2.107897996902466,1.1920929e-07,20.81,20.81,10.9439945,9.25,5.15,13.35,204.42,884.49,6.1836909969568605,5.692596
2004-10-09,17794.341083564646,76.96622367922035,0.5602588541103002,0.6432620882987976,1.1920929e-07,15.04,15.04,10.848,4.625,1.79,7.46,162.78,713.54,7.169225520068362,5.8453493
2004-10-10,17793.766197030593,76.22831749961863,0.5628758791855801,0.7113479375839233,1.1920929e-07,1.1920929e-07,0.0,10.848,4.84,2.87,6.81,152.84,769.35,7.109043953611333,4.297452
2004-10-11,17792.555905527734,69.98740016708598,0.6391073415170861,1.7817198038101196,1.1920929e-07,1.1920929e-07,0.0,10.752,8.22,4.39,12.05,254.45,840.09,6.619840944166973,3.4725854
2004-10-12,17790.50790366546,64.95289380707563,0.6666914866665716,2.359657049179077,1.1920929e-07,1.1920929e-07,0.0,10.752,10.045,5.35,14.74,290.86,895.61,6.249847050716286,4.266901
2004-10-13,17787.645593144425,61.0002041521984,0.7493771694527587,3.311274528503418,1.1920929e-07,1.1920929e-07,0.0,10.655997,13.05,8.49,17.61,265.29,1119.56,5.9739081605762,4.490939
2004-10-14,17784.230780605496,57.75618622742595,0.7110662515925841,3.3223581314086914,1.1920929e-07,1.1920929e-07,0.0,10.655997,13.085,7.97,18.2,277.25,1077.68,5.7565687178447975,4.165066
2004-10-15,17781.265584195404,56.37812122490807,0.5890798953638207,2.5385799407958984,1.1920929e-07,5.46,5.46,10.560002,10.61,5.87,15.35,219.91,931.62,5.66665237092716,3.8493762
2004-10-16,17779.28304542087,73.30415076684484,0.6087886710525182,1.4507912397384644,1.1920929e-07,36.51,36.51,10.464,7.175,5.13,9.22,102.45,896.27,6.8754837268789215,8.747657
2004-10-17,17778.195866978935,99.85503886829132,0.7147876693902558,0.7350987195968628,1.1920929e-07,29.53,29.53,10.464,4.915,1.7,8.13,160.91,712.21,9.311778858795089,13.747772
2004-10-18,17777.918924501235,111.23452359012731,0.6547722221893304,1.1920928955078125e-07,1.1920929e-07,15.11,15.11,10.367997,2.14,-0.87,5.15,151.83,593.19,10.604513551354204,9.399403
2004-10-19,17777.878104373278,111.54086561702398,0.709208954654109,0.21710309100588,1.1920929e-07,8.78,8.78,10.367997,3.28,0.31,6.25,138.62,640.29,10.641690764377055,6.985905
2004-10-20,17777.652758343906,107.2554220513914,0.6751919025086487,0.2139161066266908,1.1920929e-07,5.15,5.15,10.272,3.27,-1.05,7.59,198.01,577.63,10.133252492428227,5.5907607
2004-10-21,17777.629132479433,102.74849654989815,0.5744264414895653,1.1920928955078125e-07,3.9756299e-07,6.6699996,6.67,10.272,1.52,-2.2,5.24,169.12,540.33,9.624722898509809,5.000116
2004-10-22,17777.627401215697,100.36953896673616,0.5397557228485149,1.1920928955078125e-07,3.1366944e-05,8.419969,8.42,10.176,1.09,-0.93,3.11,102.96,587.73,9.366671533565153,5.784248
2004-10-23,17777.728359523775,98.9034782442402,0.49303941022515996,1.1920928955078125e-07,1.3567373,6.7132626,8.07,10.168944,0.0,-1.87,1.87,90.87,544.68,9.211101907686198,5.38709
2004-10-24,17783.0092261371,91.33630639895289,0.43503406143982903,1.1920928955078125e-07,5.5333333,0.13666715,5.67,10.08,-0.53,-3.22,2.16,146.66,497.87,8.448271698248783,4.6538754
2004-10-25,17785.30893190061,83.07690527526749,0.4151147136131862,1.1920928955078125e-07,0.0005498901,0.04945011,0.05,9.990422,0.29,-4.04,4.62,245.28,465.88,7.687581554061283,4.1446986
2004-10-26,17785.238865750285,76.18894823409701,0.4271945736937337,1.1920928955078125e-07,1.1920929e-07,1.78,1.78,9.984,1.98,-0.62,4.58,146.9,593.78,7.10584733969227,3.7373574
2004-10-27,17784.824014416896,69.98755385691874,0.4838809274132209,0.8396024703979492,1.1920929e-07,1.1920929e-07,0.0,9.887998,5.245,1.53,8.96,204.12,680.77,6.619852567010944,3.3809338
2004-10-28,17784.287365368607,66.0128921706948,0.3993549925380821,0.2059407369197519,1.1920929e-07,4.88,4.88,9.887998,3.245,-1.24,7.73,191.43,561.55,6.325989370767055,3.19763
2004-10-29,17784.233714338374,64.86257401412814,0.3603514623196892,1.1920928955078125e-07,1.1920929e-07,6.03,6.03,9.792003,2.13,0.0,4.26,99.69,617.36,6.243401684185952,3.0143263
2004-10-30,17784.233769673327,68.73881527283979,0.3543667609895807,1.1920928955078125e-07,9.842932e-05,15.219902,15.22,9.792003,1.035,-1.38,3.45,115.65,569.08,6.526086624594578,3.523503
2004-10-31,17788.713686970365,67.9982599658766,0.2974139920208423,1.1920928955078125e-07,6.4397945,0.0002057457,6.44,9.696003,-1.195,-3.74,1.35,136.31,479.86,6.471108000293497,3.0754275
2004-11-01,17795.044622744666,66.6632315721882,0.3276631133327403,1.1920928955078125e-07,0.028211348,17.831789,17.86,9.696003,0.485,-3.17,4.14,159.28,493.62,6.373163310963634,4.103965
2004-11-02,17795.046084595022,86.10765232037853,0.47913823318582105,1.1920928955078125e-07,1.1920929e-07,34.87,34.87,9.6,2.445,-1.46,6.35,162.92,560.76,7.958412830380675,13.442266
2004-11-03,17796.60383572132,98.19090625399141,0.44945579231429705,1.1920928955078125e-07,7.9770594,0.7229406,8.7,9.6,-0.4,-2.87,2.07,113.6,506.3,9.13642381931071,8.920776
2004-11-04,17798.93349621128,91.9539188460871,0.47078865046466395,1.1920928955078125e-07,5.611777e-07,2.6899993,2.69,9.504003,1.37,-3.81,6.55,208.65,467.06,8.50809029984015,6.4054437
2004-11-05,17798.40070194944,84.81980814615964,0.6052271197742705,1.181614637374878,1.1920929e-07,1.1920929e-07,0.0,9.504003,6.325,2.24,10.41,213.06,721.87,7.842182818714765,5.193603
2004-11-06,17797.203059983218,77.90191155988646,0.5586056273522222,1.2544506788253784,1.1920929e-07,1.1920929e-07,0.0,9.408,6.555,2.45,10.66,208.13,730.77,7.246270758862076,4.450205
2004-11-07,17795.49841819777,72.0142471880845,0.6110679762639641,2.0778136253356934,1.1920929e-07,1.1920929e-07,0.0,9.408,9.155,5.96,12.35,170.25,929.22,6.774910146779697,4.03268
2004-11-08,17793.23725349922,67.08161811382692,0.604174563371897,2.4214091300964355,1.1920929e-07,1.1920929e-07,0.0,9.318422,10.24,4.75,15.73,225.88,859.02,6.403697781270794,3.615155
2004-11-09,17791.56308016998,62.0218083335415,0.4295058629158873,1.1356964111328125,1.1920929e-07,1.1920929e-07,0.0,9.312,6.18,2.38,9.98,186.29,728.52,6.044037103393418,3.2892818
2004-11-10,17790.092550570316,57.17500592385219,0.4447244983195011,1.7263010740280151,1.1920929e-07,1.1920929e-07,0.0,9.26253,8.045,4.21,11.88,186.41,819.0,5.718475033374066,3.085611
2004-11-11,17788.46889849723,52.80258506299497,0.3900114973574274,1.4982928037643433,1.1920929e-07,1.1920929e-07,0.0,9.216,7.325,4.21,10.44,154.16,824.24,5.4398500727858154,2.9430416
2004-11-12,17786.983993320846,48.66167914063484,0.35732738435170375,1.4697916507720947,1.1920929e-07,0.14,0.14,9.216,7.235,3.3,11.17,184.79,777.58,5.18850533855062,2.739371
2004-11-13,17785.838734223857,44.469330203705766,0.28329140094031363,0.8348523378372192,1.1920929e-07,1.1920929e-07,0.0,9.119997,5.23,1.72,8.74,172.02,693.9,4.945866350930785,2.6171684
2004-11-14,17784.775216416212,42.211640908831846,0.2984492259552545,1.3367868661880493,1.1920929e-07,3.7,3.7,9.119997,6.815,2.87,10.76,138.76,754.44,4.8199340091503835,2.5357003
2004-11-15,17783.500027528236,42.14691715232675,0.2776844863497754,1.0470266342163086,1.1920929e-07,3.71,3.71,9.024003,5.9,0.92,10.88,147.87,668.8,4.816371437634369,3.1365287
2004-11-16,17783.143582718018,40.887739278735985,0.18963772719530855,1.1920928955078125e-07,0.00066780567,3.119332,3.12,9.024003,0.685,-1.86,3.23,97.55,547.72,4.747584417560627,2.8106556
2004-11-17,17783.145402687165,39.36405040795077,0.18173858066994417,1.1920928955078125e-07,0.0014802074,3.98852,3.99,9.016947,0.63,-4.46,5.72,153.86,448.86,4.665659880129201,2.5255167
2004-11-18,17786.392807524342,41.54835042594188,0.17711527959461265,1.1920928955078125e-07,14.342402,1.5875982,15.93,8.928,-0.38,-3.3,2.54,108.4,489.47,4.7835492245269435,3.217997
2004-11-19,17799.35818528263,36.885417231871315,0.14123190035897948,1.1920928955078125e-07,9.45,2.8163194e-07,9.45,8.928,-1.915,-4.71,0.88,118.24,449.42,4.5354000701620105,2.7291875
2004-11-20,17803.221467159266,32.33306492900067,0.1251718830389801,1.1920928955078125e-07,1.1920929e-07,1.1920929e-07,0.0,8.838422,-1.615,-5.72,2.49,181.4,406.71,4.305559475392369,2.3931308
2004-11-21,17803.962195376185,29.485865328870574,0.1336617842785884,1.1920928955078125e-07,0.0012522304,4.788748,4.79,8.831997,0.665,-2.43,3.76,116.05,512.29,4.1677678107959695,2.3116624
2004-11-22,17803.96258955799,32.42847787857437,0.1631612356446826,1.1920928955078125e-07,1.1920929e-07,9.97,9.97,8.831997,2.19,0.26,4.12,70.19,619.64,4.3102550955718195,2.545884
2004-11-23,17803.964557185667,42.57500526973981,0.2096745332679745,1.1920928955078125e-07,1.1920929e-07,20.07,20.07,8.742422,2.025,0.02,4.03,75.6,621.34,4.83998355148779,2.586618
2004-11-24,17803.830141757804,61.117129898679956,0.335901185559592,0.3376599630237678,1.1920929e-07,27.96,27.96,8.736,3.66,1.95,5.37,62.21,711.16,5.981893219334829,10.590877
2004-11-25,17803.67234068367,85.81936040907821,0.41548727634223803,1.1920928955078125e-07,1.0597706e-06,35.56,35.56,8.736,1.785,-1.12,4.69,103.07,585.06,7.932245266899366,17.821186
2004-11-26,17809.04990837113,90.44965975001163,0.32607283089393724,1.1920928955078125e-07,1.1920929e-07,1.1920929e-07,0.0,8.646422,-2.315,-5.45,0.82,140.22,418.54,8.363130425422225,9.358668
2004-11-27,17813.60478083927,82.17900721628847,0.2711711066011766,1.1920928955078125e-07,13.17,1.1920929e-07,13.17,8.64,-3.55,-5.24,-1.86,63.35,423.81,7.609128366476178,6.548013
2004-11-28,17817.763712711338,74.64008878800574,0.23525872982449805,1.1920928955078125e-07,3.0,1.1920929e-07,3.0,8.64,-4.19,-7.27,-1.11,127.36,365.53,6.981220773099037,5.101951
2004-11-29,17823.89653565733,67.69527109942453,0.23896800476304383,1.1920928955078125e-07,9.38,1.1920929e-07,9.38,8.632941,-2.59,-5.91,0.73,114.97,397.53,6.448747925830013,4.338186
2004-11-30,17833.97126569614,61.24696539128736,0.2236353499456754,1.1920928955078125e-07,20.24,6.03199e-07,20.24,8.544,-1.965,-4.19,0.26,82.84,451.52,5.990772413282651,4.1752496
2004-12-01,17843.373414537375,55.244529241903315,0.19959674119677068,1.1920928955078125e-07,2.51,1.1920929e-07,2.51,8.544,-2.115,-3.81,-0.42,83.63,472.65,5.593741278119154,3.900294
2004-12-02,17847.127111445596,49.64007575990316,0.17802411748192748,1.1920928955078125e-07,1.1920929e-07,1.1920929e-07,0.0,8.544,-2.22,-4.68,0.24,121.1,440.32,5.246823780250174,3.4725854
2004-12-03,17846.91173076988,44.345465519834,0.19330496484712967,1.1920928955078125e-07,1.1920929e-07,1.1920929e-07,0.0,8.536944,0.59,-2.13,3.31,128.17,527.27,4.9388727318448185,3.309649
2004-12-04,17846.910972987735,41.04020084157513,0.1775216007427156,1.1920928955078125e-07,0.0012687492,3.4187312,3.42,8.448,0.63,-1.03,2.29,67.37,569.66,4.755860611565106,3.2383642
2004-12-05,17850.429875174785,37.232166704563824,0.12752688005587445,1.1920928955078125e-07,5.6,1.1920929e-07,5.6,8.448,-2.71,-6.26,0.84,115.24,399.38,4.553401674403432,3.1467123
2004-12-06,17856.509503994286,32.677812016429044,0.11244426409133132,1.1920928955078125e-07,6.69,1.1920929e-07,6.69,8.448,-2.645,-4.24,-1.05,63.73,456.66,4.322549931040408,2.912491
2004-12-07,17867.19902972364,28.34519016744784,0.11154596153001994,1.1920928955078125e-07,16.148655,0.051346496,16.2,8.448,-0.735,-2.57,1.1,69.23,514.59,4.113809513279955,2.9328582
2004-12-08,17890.98632810442,24.523805054014996,0.09833864787587623,1.1920928955078125e-07,29.351337,1.3886616,30.74,8.448,-0.465,-2.0,1.07,59.59,537.47,3.9380822649384775,4.9186473
2004-12-09,17897.678506846067,44.59563160304612,0.2025943862311959,1.1920928955078125e-07,3.71933e-06,31.199997,31.2,8.398531,1.43,-2.02,4.88,111.93,538.47,4.9530077487347715,4.6742425
2004-12-10,17897.43550855922,71.21478217474845,0.4011125955603049,0.6670129299163818,1.1920929e-07,33.46,33.46,8.352,4.7,3.08,6.32,60.17,764.19,6.713315833817856,14.358785
2004-12-11,17897.168894782597,92.1515033416121,0.4116425994815438,1.1920928955078125e-07,1.3455749e-05,21.499987,21.5,8.352,1.265,-3.16,5.69,126.56,503.73,8.527316547228308,20.265234
2004-12-12,17897.168620664783,92.52319859861758,0.42418266314630604,1.1920928955078125e-07,1.1920929e-07,1.1920929e-07,0.0,8.352,1.645,-3.14,6.43,170.9,492.19,8.563602716942157,11.100053
2004-12-13,17896.917255935117,88.15601121537198,0.48719971839263865,0.5767596960067749,1.1920929e-07,9.46,9.46,8.352,4.415,0.48,8.35,117.24,643.34,8.146839822444328,8.686556
2004-12-14,17896.583367391868,91.92418024644378,0.457220118435041,0.07360990380861798,1.1920929e-07,14.13,14.13,8.352,2.845,0.72,4.97,76.37,651.93,8.505200297674403,9.541972
2004-12-15,17896.577412274248,95.64469806689965,0.4371482984403719,1.1920928955078125e-07,3.0905008e-07,10.37,10.37,8.352,1.6,-2.22,5.42,116.82,532.94,8.874491901883712,7.9126067
2004-12-16,17896.09401697691,91.49315835752314,0.5816614357502524,1.2481170892715454,1.1920929e-07,1.1920929e-07,0.0,8.352,6.535,2.81,10.26,147.22,745.05,8.463423570929859,6.660032
2004-12-17,17894.72250769962,84.1973694741338,0.5637805491670556,1.4998762607574463,1.1920929e-07,1.1920929e-07,0.0,8.352,7.33,4.57,10.09,123.58,844.62,7.786616746739317,5.8759
2004-12-18,17893.176964383947,77.67409520118409,0.5597481929683196,1.8593058586120605,1.1920929e-07,1.1920929e-07,0.0,8.352,8.465,5.17,11.76,136.35,891.13,7.227436272690074,5.5500264
2004-12-19,17892.082971826556,71.26117777596362,0.4388494546796471,1.094528317451477,1.1920929e-07,1.1920929e-07,0.0,8.352,6.05,-0.04,12.14,170.35,612.59,6.716875000428423,5.5500264
2004-12-20,17891.671072719826,64.82920689251031,0.23641434225245464,1.1920928955078125e-07,1.1920929e-07,1.1920929e-07,0.0,8.352,-1.66,-4.1,0.78,108.3,462.83,6.241022234181273,4.969565
2004-12-21,17893.695052412837,58.5878421534725,0.20662757363434195,1.1920928955078125e-07,3.63,1.1920929e-07,3.63,8.352,-2.135,-4.51,0.24,83.69,442.58,5.811521721200643,4.4094706
2004-12-22,17897.38882894398,52.76348837918779,0.1958194114907884,1.1920928955078125e-07,3.5499868,1.3224781e-05,3.55,8.352,-1.41,-3.21,0.39,74.37,491.79,5.437420951483349,3.9512117
2004-12-23,17898.50071820603,47.3796571074731,0.2061998740934813,1.1920928955078125e-07,1.1920929e-07,1.1920929e-07,0.0,8.352,0.885,-2.54,4.31,142.1,510.69,5.113068988931362,3.615155
2004-12-24,17898.391888994127,43.480865649820096,0.23318480922893767,0.4342541207919979,1.1920929e-07,2.42,2.42,8.352,3.965,0.55,7.38,126.59,633.32,4.890330550295339,3.4114842
2004-12-25,17897.98940804116,40.092592218413174,0.20308274412911967,0.164184104382457,1.1920929e-07,1.1920929e-07,0.0,8.352,3.115,0.85,5.38,104.09,642.67,4.704653668939657,3.3809338
2004-12-26,17898.128351629057,39.468633727385715,0.1615983032736011,1.1920928955078125e-07,1.4239857,7.0460143,8.47,8.352,0.0,-2.07,2.07,78.5,533.04,4.671237569154853,3.19763
2004-12-27,17898.69204342758,38.480205748009375,0.17336896525499892,1.1920928955078125e-07,1.1920929e-07,1.1920929e-07,0.0,8.352,1.39,-2.1,4.88,143.78,528.98,4.618787430973369,2.912491
2004-12-28,17898.339781037663,33.506615033589945,0.19296921236348008,0.7731000781059265,1.1920929e-07,1.1920929e-07,0.0,8.352,5.035,0.58,9.49,160.28,635.22,4.363671370315866,2.759738
2004-12-29,17898.045250879375,35.314982389121916,0.15786081636752416,1.1920928955078125e-07,6.489158e-06,11.459993,11.46,8.352,1.275,-1.98,4.53,105.82,532.28,4.454757397922957,3.0346935
2004-12-30,17903.476805131402,35.69455872541673,0.13173982731788916,1.1920928955078125e-07,9.389986,1.4272035e-05,9.39,8.358422,-1.5,-3.5,0.5,74.08,479.67,4.47411646724949,2.8412063
2004-12-31,17911.979768526468,31.21015211725724,0.12681992900537048,1.1920928955078125e-07,4.059612,6.3603888,10.42,8.355211,-0.115,-2.74,2.51,89.95,505.97,4.250679698732228,2.606985
2005-01-01,17917.500974940885,26.953980113301036,0.09736893670569585,1.1920928955078125e-07,3.42,1.1920929e-07,3.42,8.440945,-1.945,-4.23,0.34,100.58,454.09,4.048944633081252,2.4745991
2005-01-02,17919.54954336764,22.908759480594814,0.07916475543241247,1.1920928955078125e-07,1.1920929e-07,1.1920929e-07,0.0,8.448,-2.585,-5.97,0.8,150.97,398.01,3.8660895384111194,2.3422132
2005-01-03,17919.812550296596,19.054170343077807,0.06876787547431969,1.1920928955078125e-07,1.1920929e-07,1.1920929e-07,0.0,8.448,-1.97,-6.19,2.25,176.8,389.43,3.699540412774747,2.1996436
2005-01-04,17920.61176314527,15.372174166789348,0.04835358162752966,1.1920928955078125e-07,1.1920929e-07,1.1920929e-07,0.0,8.448,-3.905,-8.05,0.24,177.18,341.64,3.5471531936850806,2.1283588
2005-01-05,17921.911703664082,11.850030968245786,0.03912994660919034,1.1920928955078125e-07,1.1920929e-07,1.1920929e-07,0.0,8.448,-3.225,-6.8,0.35,163.62,366.52,3.407259474645503,2.0468905
2005-01-06,17923.672988763617,8.475007987235692,0.026814799768985646,1.1920928955078125e-07,4.73,1.1920929e-07,4.73,8.494531,-3.9,-6.47,-1.33,102.61,376.99,3.2783883055383027,2.0774412
2005-01-07,17925.79819513866,5.234464024521683,0.017794824252557268,1.1920928955078125e-07,1.76,1.1920929e-07,1.76,8.544,-2.975,-4.57,-1.38,88.2,442.38,3.1592411615960745,2.0876248
2005-01-08,17928.019178369745,2.1187596214482713,0.007103618921640425,1.1920928955078125e-07,2.93,1.1920929e-07,2.93,8.544,-3.17,-5.44,-0.9,111.75,417.59,3.048769171739441,1.9959729
2005-01-09,17932.82052527711,-0.19515672173249649,1.1920928955078125e-07,1.1920928955078125e-07,6.68,1.1920929e-07,6.68,8.544,-3.06,-5.49,-0.63,101.39,414.3,0.3693208449692952,1.9348717
2005-01-10,17936.23106956089,-0.35634945565464937,1.1920928955078125e-07,1.1920928955078125e-07,0.18,1.1920929e-07,0.18,8.550425,-2.25,-5.23,0.73,160.79,420.63,0.0816774114854512,1.9043211
2005-01-11,17938.853172710893,-0.4166730418754959,1.1920928955078125e-07,1.1920928955078125e-07,5.92,1.1920929e-07,5.92,8.64,-4.28,-6.99,-1.57,119.63,358.95,0.045214328441336334,1.8228527
2005-01-12,17950.21354375109,-0.45428233645444605,1.1920928955078125e-07,1.1920928955078125e-07,15.09,1.1920929e-07,15.09,8.64,-4.73,-6.76,-2.7,91.17,373.38,0.031177238482873855,1.9145046
2005-01-13,17961.26569645351,-0.48153713889917354,1.1920928955078125e-07,1.1920928955078125e-07,7.3,1.1920929e-07,7.3,8.64,-5.33,-7.73,-2.93,121.76,362.31,0.023791882057924332,1.8228527
2005-01-14,17962.388399522457,-0.5031069748739208,1.1920928955078125e-07,1.1920928955078125e-07,1.1920929e-07,1.1920929e-07,0.0,8.728945,-4.8,-8.34,-1.26,189.02,329.15,0.019200966718504853,1.7210175
2005-01-15,17967.44927517426,-0.52073143379407,1.1920928955078125e-07,1.1920928955078125e-07,12.269724,0.00027608426,12.27,8.736,-1.23,-4.99,2.53,149.8,427.08,0.016111992247409817,1.8737705
2005-01-16,17972.643766662077,11.193587270241512,0.054174352057527186,1.1920928955078125e-07,7.972121e-07,26.75,26.75,8.736,1.78,-0.86,4.42,120.86,574.84,3.3818032142380794,3.0550606
2005-01-17,17972.31733083872,46.35493393751743,0.28405164348621076,0.8063512444496155,1.1920929e-07,52.05,52.05,8.824942,5.14,3.2,7.08,89.93,773.92,5.05356199731791,9.786377
2005-01-18,17971.23102110625,104.13537351176953,0.713251292203087,1.3383703231811523,1.1920929e-07,75.83,75.83,8.831997,6.82,5.57,8.07,64.76,916.17,9.778428772877056,48.88097
2005-01-19,17969.571544781676,132.55198072141036,1.0281481068558211,1.9463921785354614,1.1920929e-07,1.34,1.34,8.831997,8.74,7.55,9.93,78.87,1044.37,13.528667958163892,26.273521
2005-01-20,17967.736821807055,124.7285350570688,0.918938331660286,1.6407978534698486,1.1920929e-07,6.87,6.87,8.928,7.775,5.97,9.58,91.88,931.25,12.371998191179637,15.377138
2005-01-21,17966.16331658941,120.18872787997421,0.8675785212876511,1.5410443544387817,1.1920929e-07,6.88,6.88,8.928,7.46,5.12,9.8,111.68,883.19,11.746705465683561,10.091884
2005-01-22,17964.473848860034,117.78489227598698,0.9029648462682675,1.835555076599121,1.1920929e-07,9.51,9.51,8.928,8.39,6.5,10.28,87.21,964.31,11.428512454738836,7.7293034
2005-01-23,17962.69341142705,112.23041462202977,0.850756756714698,1.7278844118118286,1.1920929e-07,1.1920929e-07,0.0,9.024003,8.05,5.97,10.13,134.53,934.4,10.725850970271312,8.431967
2005-01-24,17960.89946216077,103.051328826947,0.8028944447691484,1.862472653388977,1.1920929e-07,1.1920929e-07,0.0,9.024003,8.475,5.75,11.2,157.21,923.0,9.658077916726093,5.611128
2005-01-25,17958.85986797281,95.06660666288604,0.7977887027633617,2.1807339191436768,1.1920929e-07,1.1920929e-07,0.0,9.112942,9.48,6.07,12.89,180.31,931.81,8.816076675693168,4.9186473
2005-01-26,17957.422645577633,87.43788120725466,0.5651864171992753,0.9045214056968689,1.1920929e-07,1.1920929e-07,0.0,9.119997,5.45,1.98,8.92,194.87,709.42,8.080277059408504,4.4094706
2005-01-27,17956.89366365471,79.82999873623696,0.4498151766920121,0.24890224431764985,1.1920929e-07,0.2,0.2,9.126422,3.38,0.63,6.13,174.46,649.81,7.4076517342707175,4.012313
2005-01-28,17956.706535024114,72.51732020063763,0.402057149384439,0.12481985153024233,1.1920929e-07,1.1920929e-07,0.0,9.216,2.995,0.51,5.48,152.55,634.79,6.813958476585651,3.7169902
2005-01-29,17956.684908871688,66.7255737164264,0.3391729725912593,1.1920928955078125e-07,1.1920929e-07,2.27,2.27,9.216,1.715,-0.47,3.9,136.69,597.79,6.377703885170811,3.3809338
2005-01-30,17956.685756381008,61.3529608802058,0.3275760174525167,1.1920928955078125e-07,1.1920929e-07,1.1920929e-07,0.0,9.312,2.285,0.23,4.34,146.47,630.56,5.998031007303026,3.0957947
2005-01-31,17956.68907830127,56.29865940867045,0.2940214135330784,1.1920928955078125e-07,1.1920929e-07,1.98,1.98,9.312,1.96,-1.06,4.98,185.78,580.63,5.661510664381235,2.8106556
2005-02-01,17956.64648320913,51.47185238985957,0.299477799934294,0.25683794889712175,1.1920929e-07,1.1920929e-07,0.0,9.408,3.405,-2.04,8.85,254.73,530.21,5.357777107964273,2.4644156
2005-02-02,17955.82736211109,46.76600430944684,0.34624953783188495,1.4096230268478394,1.1920929e-07,1.1920929e-07,0.0,9.408,7.045,3.39,10.7,209.49,787.87,5.077349740857086,2.2912953
2005-02-03,17954.113014694023,43.11033889251742,0.34417837188039413,1.7278844118118286,1.1920929e-07,1.1920929e-07,0.0,9.504003,8.05,4.03,12.07,219.46,810.34,4.8696739767118435,2.2912953
2005-02-04,17953.10994623801,40.63774373534121,0.2349479072826379,0.17870823967405247,1.1920929e-07,4.04,4.04,9.504003,3.16,-1.33,7.65,187.16,562.0,4.734044865993477,2.4033144
2005-02-05,17958.03171614255,38.43544001976792,0.14525143620008696,1.1920928955078125e-07,11.05,1.1920929e-07,11.05,9.592944,-3.115,-5.9,-0.33,145.94,411.93,4.616425963774728,2.3523967
2005-02-06,17968.452697163888,33.807874809380884,0.12479684807693978,1.1920928955078125e-07,6.88,1.1920929e-07,6.88,9.6,-3.455,-5.59,-1.32,124.78,416.26,4.378715257466705,2.230194
2005-02-07,17979.39129291245,29.415817268645164,0.1174108603984365,1.1920928955078125e-07,11.18,1.1920929e-07,11.18,9.688945,-2.485,-5.6,0.63,171.69,408.89,4.164433967313049,2.0672576
2005-02-08,17986.067168357455,25.236894514084618,0.10827627074952101,1.1920928955078125e-07,1.489997,3.0639767e-06,1.49,9.696003,-1.47,-5.23,2.29,220.84,417.78,3.9702943097563757,1.8941375
2005-02-09,17986.582831202166,21.317591888265397,0.111908312545246,1.1920928955078125e-07,1.1920929e-07,1.1920929e-07,0.0,9.784947,1.31,-2.43,5.05,236.22,512.46,3.7964483871805754,1.6599163
2005-02-10,17986.298792509137,17.76515687420961,0.11809543994272839,0.6986808180809021,1.1920929e-07,1.1920929e-07,0.0,9.792003,4.8,-0.36,9.96,280.21,598.31,3.645461140665933,1.6395491
2005-02-11,17985.378086117216,14.973496792438507,0.1029429152314621,0.8126848340034485,1.1920929e-07,1.1920929e-07,0.0,9.887998,5.16,0.56,9.76,271.73,633.52,3.5310344107833487,1.6191821
2005-02-12,17985.12868170342,15.82955324827236,0.08011526773167328,1.1920928955078125e-07,0.0032837426,8.416717,8.42,9.887998,0.625,-2.59,3.84,157.9,507.79,3.565735973866574,1.6700997
2005-02-13,17990.8436297901,13.893947934807207,0.0550958400943869,1.1920928955078125e-07,6.18,1.1920929e-07,6.18,9.984,-3.0,-5.83,-0.17,162.82,412.23,3.4877543058624654,1.8330363
2005-02-14,17997.024593246268,10.43015745478075,0.0358470379009604,1.1920928955078125e-07,6.33,1.1920929e-07,6.33,9.984,-4.995,-8.34,-1.65,193.55,342.21,3.3524372461752217,1.7108339
2005-02-15,18000.92693023117,7.10971757425069,0.0257152360135177,1.1920928955078125e-07,4.03,1.1920929e-07,4.03,10.08,-4.42,-8.6,-0.24,229.84,322.81,3.227651596131605,1.6293656
2005-02-16,18002.506739309978,3.9186538934308883,0.017912103139450908,1.1920928955078125e-07,1.1920929e-07,1.1920929e-07,0.0,10.08,-1.12,-6.03,3.79,312.41,394.81,3.1121070525818233,1.598815
2005-02-17,18002.76438950565,0.8554205670789929,0.005253413846223355,0.14136048768991394,1.1920929e-07,1.1920929e-07,0.0,10.176,3.045,-0.92,7.01,277.27,571.09,3.0045049793287273,1.5886315
2005-02-18,18002.352409640895,-0.16350438523081726,1.1920928955078125e-07,0.4010021237623871,1.1920929e-07,1.1920929e-07,0.0,10.176,3.86,-0.9,8.62,306.61,571.92,0.4845775886010433,1.5580809
2005-02-19,18002.259517076727,-0.3275588686556328,1.1920928955078125e-07,1.1920928955078125e-07,1.1920929e-07,1.1920929e-07,0.0,10.272,0.66,-3.8,5.12,289.44,460.45,0.10797069401636564,1.5275303
2005-02-20,18002.259517048395,-0.4016600542576109,1.1920928955078125e-07,1.1920928955078125e-07,1.1920929e-07,1.1920929e-07,0.0,10.278422,-0.635,-4.33,3.06,256.49,445.51,0.05241776592208063,1.4867961
2005-02-21,18002.259219284213,-0.4437752322722301,1.1920928955078125e-07,1.1920928955078125e-07,1.1920929e-07,1.1920929e-07,0.0,10.367997,1.595,-2.53,5.72,269.17,510.64,0.03459514307325855,1.446062
2005-02-22,18002.08948485081,-0.3196110039660727,1.1920928955078125e-07,0.5260912148843673,1.1920929e-07,1.1920929e-07,0.0,10.464,4.255,0.36,8.15,251.11,622.91,0.1165617538396485,1.4358784
2005-02-23,18001.18811857476,-0.04680607679611073,1.1920928955078125e-07,1.225949764251709,1.1920929e-07,1.1920929e-07,0.0,10.464,6.465,2.54,10.39,249.19,735.53,1.1453178391382575,1.4358784
2005-02-24,17999.830414415857,-0.011359124671982322,1.1920928955078125e-07,1.3937890529632568,1.1920929e-07,1.1920929e-07,0.0,10.560002,6.995,2.7,11.29,267.23,744.04,1.4033308791404273,1.4766126
2005-02-25,17998.475488729615,-0.021639640439077623,1.1920928955078125e-07,1.305119276046753,1.1920929e-07,1.1920929e-07,0.0,10.560002,6.715,1.88,11.55,298.06,702.65,1.3272359562511533,1.4867961
2005-02-26,17997.2396076072,-0.04297985768856908,1.1920928955078125e-07,1.1641974449157715,1.1920929e-07,1.1920929e-07,0.0,10.655997,6.27,2.29,10.25,257.61,723.36,1.172432244536383,1.4664291
2005-02-27,17996.16685245545,-0.06771380276788935,1.1920928955078125e-07,0.9662736654281616,1.1920929e-07,1.1920929e-07,0.0,10.655997,5.645,2.2,9.09,234.24,719.98,1.0017931799242372,1.4562455
2005-02-28,17995.565110037114,1.1881993236231434,0.007898180145453654,0.25525115894991757,1.1920929e-07,6.19,6.19,10.752,3.4,-0.92,7.72,211.73,575.66,3.0165092852826105,1.6599163
2005-03-01,17995.31797738537,5.365928989997681,0.03590242857053393,0.24413866544816099,1.1920929e-07,6.82,6.82,10.848,3.365,0.31,6.42,168.8,633.0,3.163989463345564,1.6395491
2005-03-02,17995.1320732802,5.499857136688371,0.035916803088355785,0.12814706524762087,1.1920929e-07,1.1920929e-07,0.0,10.848,3.005,-0.25,6.26,250.09,614.36,3.1688340697482467,1.5682644
2005-03-03,17995.009756984637,2.482406856480155,0.016465482528905454,0.1609427970879942,1.1920929e-07,1.1920929e-07,0.0,10.9439945,3.105,-0.93,7.14,280.54,572.99,3.061461071771547,1.5173467
2005-03-04,17994.597668803082,0.006719277537515708,2.5739291736603546e-05,0.6875969767570496,1.1920929e-07,1.1920929e-07,0.0,10.9439945,4.765,1.34,8.19,248.06,673.87,1.5380185036538188,1.446062
2005-03-05,17993.96411088762,-0.14028049724554426,1.1920928955078125e-07,0.6100109219551086,1.1920929e-07,1.1920929e-07,0.0,11.04,4.52,-0.51,9.55,343.03,597.05,0.5864091528426495,1.4155114
2005-03-06,17993.011048996716,-0.035168060747375926,1.1920928955078125e-07,1.3067023754119873,1.1920929e-07,1.1920929e-07,0.0,11.046422,6.72,2.44,11.0,303.0,731.39,1.2284620896227378,1.3951443
2005-03-07,17991.450112801715,0.03175949450740895,0.0001730001382180423,1.7579689025878906,1.1920929e-07,1.1920929e-07,0.0,11.136003,8.145,4.42,11.87,267.12,842.03,1.7228684705492108,1.4969797
2005-03-08,17989.650781582553,0.04403273767921411,0.00025693526054826235,1.8086373805999756,1.1920929e-07,1.1920929e-07,0.0,11.2319975,8.305,3.63,12.98,311.79,791.99,1.8112369347780366,1.5173467
2005-03-09,17987.888867712663,0.03232885796897499,0.00017684148469503434,1.724717617034912,1.1920929e-07,1.1920929e-07,0.0,11.2319975,8.04,4.25,11.83,265.75,832.07,1.7270101612936297,1.5377138
2005-03-10,17985.903945109392,0.10586824784203037,0.0008405851898741229,2.3042383193969727,1.1920929e-07,1.1920929e-07,0.0,11.328,9.87,6.31,13.43,263.24,946.09,2.212067584928216,1.5478973
2005-03-11,17983.503693545917,0.14449635476419095,0.0012669026424239117,2.369157314300537,1.1920929e-07,1.1920929e-07,0.0,11.328,10.075,5.5,14.65,304.69,910.07,2.412110437174331,1.6191821
2005-03-12,17981.77795856225,-0.03894018105557294,1.1920928955078125e-07,1.0818612575531006,1.1920929e-07,1.1920929e-07,0.0,11.424,6.01,1.15,10.87,338.54,668.24,1.2013003349781086,1.6293656
2005-03-13,17980.78481648585,-0.07290140439784609,1.1920928955078125e-07,0.9805242419242859,1.1920929e-07,1.1920929e-07,0.0,11.520002,5.69,2.19,9.19,259.94,718.51,0.9675719065394243,1.5580809
2005-03-14,17979.625492485684,-0.02962866113703288,1.1920928955078125e-07,1.246533751487732,1.1920929e-07,1.1920929e-07,0.0,11.520002,6.53,1.8,11.26,325.87,699.52,1.2686722809123687,1.4867961
2005-03-15,17978.717683079583,-0.12684415003454927,1.1920928955078125e-07,0.49759015469667744,1.1920929e-07,1.1920929e-07,0.0,11.615997,4.165,-2.03,10.36,390.69,528.18,0.6523272815918576,1.4562455
2005-03-16,17978.581787232473,1.3984382624255483,0.00871793780627232,1.1920928955078125e-07,3.0335784e-06,7.829997,7.83,11.615997,1.315,-3.12,5.75,260.65,498.29,3.0237813237893456,1.5071632
2005-03-17,17984.248225498846,4.26649475789732,0.02287432175999255,1.1920928955078125e-07,15.425974,0.0040259855,15.43,11.711994,-0.985,-3.41,1.44,157.89,488.18,3.124498374408946,1.5071632
2005-03-18,17991.906907977085,1.1826841778325596,0.00642407680833449,1.1920928955078125e-07,0.10994222,5.778253e-05,0.11,11.808002,-0.915,-3.8,1.97,266.41,474.02,3.016318053089551,1.4053278
2005-03-19,17992.562180667555,2.350215928456224,0.01471101662026176,1.1920928955078125e-07,2.2625922e-05,9.489977,9.49,11.808002,1.135,-1.56,3.83,183.2,551.77,3.0568412858026592,1.5682644
2005-03-20,17992.56207609752,13.235542235928147,0.08125710679311554,1.1920928955078125e-07,0.0022372934,17.227762,17.23,11.903997,0.735,-2.34,3.81,218.87,530.67,3.4616190643590374,2.413498
2005-03-21,17997.82932177758,18.12155520948136,0.10097799186457088,1.1920928955078125e-07,9.260704,0.0592957,9.32,11.903997,-0.665,-4.37,3.04,251.34,454.26,3.66033391162333,2.0265236
2005-03-22,18002.045344298225,14.506332169043139,0.08357951781561382,1.1920928955078125e-07,0.14442159,0.03557841,0.18,12.000006,-0.3,-3.67,3.07,291.99,471.02,3.512239820908592,1.7108339
2005-03-23,18001.969824399,10.986238324024049,0.06413752792554292,1.1920928955078125e-07,1.1920929e-07,1.1920929e-07,0.0,12.096,-0.225,-2.97,2.52,252.47,501.98,3.373802012316732,1.6293656
2005-03-24,18001.969870901838,7.624421469107439,0.04189448651207559,1.1920928955078125e-07,1.1920929e-07,1.1920929e-07,0.0,12.096,-1.095,-4.16,1.97,280.06,460.07,3.246686070462871,1.5580809
2005-03-25,18002.02842319343,4.425907971302781,0.026324848300456335,1.1920928955078125e-07,0.12148734,0.29851264,0.42,12.192,-0.07,-3.42,3.28,324.56,486.65,3.1301937119591936,1.4766126
2005-03-26,18002.052287433813,14.09518581700911,0.09368963524292512,1.1920928955078125e-07,1.7493963e-06,29.349998,29.35,12.192,1.545,-0.42,3.51,150.73,600.65,3.4957816939802724,3.1467123
2005-03-27,18002.052323065513,49.559459763040564,0.3269420544788714,1.1920928955078125e-07,1.7026663e-05,47.609985,47.61,12.288,1.32,-0.33,2.97,134.85,606.08,5.2419938921156115,13.0349245
2005-03-28,18007.168052897367,72.31429221441911,0.42198370870571816,1.1920928955078125e-07,19.74313,0.3268705,20.07,12.383997,-0.57,-2.38,1.24,156.52,526.88,6.798172510336392,8.3606825
2005-03-29,18032.054169536004,65.41802867362637,0.3486668736920577,1.1920928955078125e-07,28.359999,1.6903878e-06,28.36,12.383997,-1.865,-2.96,-0.77,95.51,503.18,6.283145345049506,5.7740645
2005-03-30,18055.97814039936,58.99985704411705,0.31723161193567934,1.1920928955078125e-07,18.799997,1.1205673e-06,18.8,12.48,-1.85,-5.76,2.06,295.23,420.12,5.83894027828605,4.3891034
2005-03-31,18064.21655414106,56.35720578677249,0.36511386360416087,1.1920928955078125e-07,0.00024204553,4.8197584,4.82,12.48,0.83,-2.74,4.4,307.27,509.33,5.665298550734255,3.6049714
2005-04-01,18064.224002990286,60.738296307691,0.38694921542066474,1.1920928955078125e-07,0.02961999,16.940378,16.97,12.575997,0.475,-2.29,3.24,240.44,531.26,5.956060683619293,4.816812
2005-04-02,18064.280447296627,66.07409534050562,0.4189194366731639,1.1920928955078125e-07,0.07818888,7.391811,7.47,12.672003,0.295,-3.22,3.81,285.47,494.65,6.330413965952897,4.297452
2005-04-03,18064.32917076967,66.1493078263358,0.4221559766929496,1.1920928955078125e-07,0.026319243,6.4336805,6.46,12.672003,0.39,-1.98,2.76,204.64,540.31,6.3358555830608685,3.879927
2005-04-04,18064.43474255745,65.83115063184985,0.4166359019155299,1.1920928955078125e-07,0.25286138,6.197139,6.45,12.768,0.16,-3.42,3.74,296.45,488.61,6.312868845408012,3.6762562
2005-04-05,18064.712736485973,64.05691397577671,0.4051267877116717,1.1920928955078125e-07,0.17992894,3.9900713,4.17,12.768,0.15,-3.14,3.44,276.0,497.32,6.186201771163074,3.1467123
2005-04-06,18064.22274544364,62.92155265967851,0.623012822604403,1.3019524812698364,1.1920929e-07,6.13,6.13,12.863997,6.705,2.46,10.95,322.93,733.05,6.10648236316698,3.2383642
2005-04-07,18063.450855791045,64.74307987099165,0.5137950975581794,0.21232201278587937,1.1920929e-07,9.23,9.23,12.953581,3.265,-2.03,8.56,375.01,550.42,6.234884602052694,4.114148
2005-04-08,18063.634446413907,63.07809853709264,0.38360188987113486,1.1920928955078125e-07,0.7729765,0.0070234425,0.78,12.960006,-0.63,-5.42,4.16,466.89,423.01,6.11741287444365,4.1956162
2005-04-09,18063.98439801818,56.87432259695691,0.38230163288824714,1.1920928955078125e-07,4.5012832e-05,0.269955,0.27,13.056003,0.71,-3.54,4.96,438.86,479.27,5.698865682418634,3.6355221
2005-04-10,18063.9811004606,51.43692832436871,0.3437348155059026,1.1920928955078125e-07,0.00032369434,0.8296763,0.83,13.056003,0.625,-4.25,5.5,460.76,455.34,5.355639922868453,3.1874466
2005-04-11,18066.449433057925,50.56658666950148,0.3179851915939184,1.1920928955078125e-07,11.786467,1.5935334,13.38,13.152002,-0.36,-4.54,3.82,335.48,453.92,5.302653669863242,3.747541
2005-04-12,18076.354015306086,45.28348788446392,0.26132403378911256,1.1920928955078125e-07,6.5899963,3.927946e-06,6.59,13.152002,-1.59,-5.83,2.65,341.55,405.72,4.992082257674842,3.2892818
2005-04-13,18082.91452003463,40.184895044731476,0.24302222834437653,1.1920928955078125e-07,6.4788666,0.0011334157,6.48,13.248003,-1.025,-4.89,2.84,320.77,433.17,4.7096172027788015,2.9226747
2005-04-14,18087.795133222182,36.337025382285155,0.23778241009240342,1.1920928955078125e-07,0.8707168,4.529283,5.4,13.343994,0.005,-3.45,3.46,318.22,483.68,4.507075309809207,2.8310227
2005-04-15,18087.908493529456,42.84104032925324,0.30273152446360674,1.1920928955078125e-07,5.2632986e-05,18.989948,18.99,13.343994,1.12,-2.23,4.47,304.37,528.75,4.854715568540431,3.0346935
2005-04-16,18087.90855392966,59.483805891656644,0.4482167915300085,1.1920928955078125e-07,1.1920929e-07,23.51,23.51,13.440002,1.955,-1.12,5.03,286.89,573.02,5.871311113898168,7.841322
2005-04-17,18087.91024309201,70.17883544367513,0.4781387002458557,1.1920928955078125e-07,0.01789667,11.312103,11.33,13.440002,0.485,-2.75,3.72,292.34,509.23,6.634334129236439,6.721133
2005-04-18,18087.937943598947,72.93966456509075,0.5062209005856467,1.1920928955078125e-07,0.0026000596,8.557401,8.56,13.536,0.65,-2.34,3.64,282.16,528.52,6.846914412485183,5.1121345
2005-04-19,18087.936234888733,69.45165355590365,0.5432448511335564,1.1920928955078125e-07,1.1920929e-07,1.1920929e-07,0.0,13.536,2.4,-2.07,6.87,463.68,530.03,6.579448700821428,4.3280025
2005-04-20,18087.429008965235,63.06287053507029,0.6297219611816386,1.062860369682312,1.1920929e-07,1.1920929e-07,0.0,13.631997,5.95,1.22,10.68,455.19,664.32,6.116348750349271,3.9919457
2005-04-21,18086.204635691996,57.73382697585544,0.6147567814329234,1.3415372371673584,1.1920929e-07,1.1920929e-07,0.0,13.721575,6.83,0.83,12.83,522.64,656.32,5.755098489389168,3.9308445
2005-04-22,18084.143885987338,53.45878263858387,0.7370165356214837,2.612999439239502,1.1920929e-07,1.1920929e-07,0.0,13.728,10.845,6.88,14.81,397.26,990.36,5.480782710300868,4.37892
2005-04-23,18081.884460677713,56.31141358868351,0.6753569155708065,1.8862234354019165,1.1920929e-07,13.79,13.79,13.824003,8.55,3.9,13.2,336.46,816.04,5.662335629992669,5.38709
2005-04-24,18080.366180050616,64.70629477827765,0.6811043482745579,1.2497005462646484,1.1920929e-07,11.88,11.88,13.824003,6.54,1.53,11.55,366.95,690.9,6.232265041999652,7.0673733
2005-04-25,18078.97641711749,67.63519169209259,0.7729054868961573,1.6154636144638062,1.1920929e-07,5.44,5.44,13.919997,7.695,4.11,11.28,303.65,835.02,6.4443233530372135,7.5663667
2005-04-26,18077.138465252694,64.92555921641949,0.8125266074638922,2.0619795322418213,1.1920929e-07,1.1920929e-07,0.0,13.919997,9.105,5.18,13.03,425.62,888.82,6.2478957082750135,7.0266395
2005-04-27,18074.770438507116,59.683749843433745,0.8334913848642049,2.5734148025512695,1.1920929e-07,1.1920929e-07,0.0,14.016,10.72,5.99,15.45,465.5,942.88,5.884737489538019,6.721133
2005-04-28,18072.673132242096,59.3497041788813,0.6625795267999979,1.4682083129882812,1.1920929e-07,7.87,7.87,14.016,7.23,2.19,12.27,358.97,734.84,5.862323257414545,7.036823
2005-04-29,18071.72544173915,61.95860267000411,0.5667191845374047,0.4785894504571999,1.1920929e-07,8.37,8.37,14.111995,4.105,2.66,5.55,139.1,753.43,6.039674500673697,5.784248
2005-04-30,18071.344868113414,63.9149982689113,0.589909773314853,0.5213409636806219,1.1920929e-07,7.93,7.93,14.111995,4.24,2.71,5.77,141.76,756.33,6.176180521611155,5.000116
2005-05-01,18070.24009266833,62.2808671732306,0.7229189871355386,1.5917128324508667,1.1920929e-07,1.1920929e-07,0.0,14.208003,7.62,3.55,11.69,405.64,789.05,6.0619509015440745,4.6029577
2005-05-02,18068.75377020102,60.381922792930965,0.6701070410928245,1.3732048273086548,1.1920929e-07,6.79,6.79,14.208003,6.93,4.01,9.85,238.35,830.14,5.931861533518926,4.6538754
2005-05-03,18067.43727041608,58.43844913994496,0.6436056729193544,1.30353581905365,1.1920929e-07,0.16,0.16,14.304003,6.71,1.76,11.66,481.41,709.37,5.801611828757002,4.6131415
2005-05-04,18065.958644943446,56.05897687971602,0.667203190598666,1.6787991523742676,1.1920929e-07,4.59,4.59,14.311055,7.895,3.92,11.87,315.37,822.87,5.6460298573247645,4.6946096
2005-05-05,18064.14163217165,55.83542928569953,0.7004740304968854,1.9068074226379395,1.1920929e-07,3.59,3.59,14.4,8.615,5.24,11.99,287.53,892.53,5.631629340845743,4.7658944
2005-05-06,18062.345886028757,53.161118413891785,0.626113511700624,1.5948796272277832,1.1920929e-07,1.1920929e-07,0.0,14.407056,7.63,3.28,11.98,454.63,796.83,5.462176824365222,4.4298377
2005-05-07,18061.08723270256,48.24237520445869,0.5048937514584967,0.9931913018226624,1.1920929e-07,1.1920929e-07,0.0,14.496,5.73,2.09,9.37,403.7,728.38,5.163711099142669,4.114148
2005-05-08,18060.03862874438,45.594445188728,0.4897482138916945,1.1182790994644165,1.1920929e-07,4.65,4.65,14.496,6.125,3.57,8.68,220.95,796.39,5.0098475945971055,3.767908
2005-05-09,18058.880356342615,54.72966804552802,0.5997838357859652,1.183198094367981,1.1920929e-07,21.96,21.96,14.592003,6.33,3.4,9.26,267.87,802.1,5.560936637649612,4.277085
2005-05-10,18057.824816466615,69.25167834870554,0.7147950306397999,0.8950211405754089,1.1920929e-07,15.8,15.8,14.592003,5.42,2.87,7.97,243.17,767.22,6.564434956665459,7.2710443
2005-05-11,18056.98697610832,69.58157774217847,0.7210160823751915,0.8823540806770325,1.1920929e-07,1.1920929e-07,0.0,14.688,5.38,2.27,8.49,385.07,738.96,6.589221549779692,6.598931
2005-05-12,18055.805786744935,63.675014304278264,0.7485944286217517,1.4919590950012207,1.1920929e-07,1.1920929e-07,0.0,14.688,7.305,2.64,11.97,481.58,760.48,6.159271193649789,5.7740645
2005-05-13,18054.06583495827,58.646923355466,0.7668608248280449,1.981226921081543,1.1920929e-07,1.1920929e-07,0.0,14.784,8.85,4.15,13.55,489.71,834.58,5.815445505203328,5.193603
2005-05-14,18051.88265766251,58.94468229163756,0.8258425262646918,2.3232390880584717,1.1920929e-07,10.84,10.84,14.784,9.93,6.37,13.49,301.07,976.51,5.835261048640933,6.4665446
2005-05-15,18049.776589908186,69.31324305234385,0.8662986687414003,1.7294678688049316,1.1920929e-07,17.59,17.59,14.873578,8.055,4.22,11.89,327.1,863.18,6.5690534594386305,8.157012
2005-05-16,18048.5884200658,77.7939349498323,0.7801274677352674,0.6638461947441101,1.1920929e-07,12.31,12.31,14.88,4.69,1.29,8.09,305.04,697.4,7.237337791439314,8.798574
2005-05-17,18048.12090521244,79.93344093691239,0.7633310899973622,0.4295038909257656,1.1920929e-07,7.63,7.63,14.887058,3.95,0.48,7.42,307.17,644.62,7.416410729204659,6.9960885
2005-05-18,18047.39993397599,83.9987268885914,0.9034424738980902,0.9678571224212646,1.1920929e-07,15.89,15.89,14.975997,5.65,1.36,9.94,352.81,693.36,7.768966620587688,7.2201266
2005-05-19,18046.53508025215,89.52016676554125,0.9177285961112186,0.7382655739784241,1.1920929e-07,11.44,11.44,14.975997,4.925,1.48,8.37,298.56,697.59,8.274795881724323,8.4116
2005-05-20,18045.963766155604,90.18375155441348,0.8684208237255692,0.410502825966347,1.1920929e-07,7.39,7.39,15.071998,3.89,1.19,6.59,246.07,678.95,8.337763930833919,6.9044366
2005-05-21,18045.66323196675,89.6745232510196,0.8299841943116915,0.22347236020095718,1.1920929e-07,9.48,9.48,15.071998,3.3,-0.41,7.01,322.73,605.06,8.289400307063827,5.896267
2005-05-22,18045.434425951542,89.38343910071265,0.8292407666068518,0.23460591286144172,1.1920929e-07,7.27,7.27,15.071998,3.335,0.24,6.43,284.21,637.87,8.261880897375276,5.5907607
2005-05-23,18045.26865744288,85.83759623407134,0.782473873104659,0.11980971499310389,1.1920929e-07,3.16,3.16,15.168,2.98,-1.0,6.96,348.76,582.8,7.933897936816855,4.8982806
2005-05-24,18044.964156160648,78.96213399428417,0.822048979438505,0.7509326934814453,1.1920929e-07,1.1920929e-07,0.0,15.168,4.965,0.1,9.83,515.82,625.66,7.334571352999796,4.338186
2005-05-25,18043.392290174343,72.53595245802956,1.0591811126314428,2.3992419242858887,1.1920929e-07,1.1920929e-07,0.0,15.175058,10.17,5.18,15.16,471.72,891.93,6.815409019270677,4.093781
2005-05-26,18040.12526741166,67.94298661830356,1.3657613007900025,3.996882438659668,1.1920929e-07,1.1920929e-07,0.0,15.263997,15.215,9.64,20.79,470.49,1211.58,6.46702314533484,4.165066
2005-05-27,18035.621186630564,64.63990944522149,1.5311838024858764,4.859830379486084,1.1920929e-07,1.1920929e-07,0.0,15.263997,17.94,13.19,22.69,425.29,1509.01,6.2275403585631315,4.5927744
2005-05-28,18030.697875856342,61.915394735951274,1.4199160532548258,4.685657024383545,1.1920929e-07,1.1920929e-07,0.0,15.271052,17.39,11.26,23.52,502.98,1340.41,6.036694000253591,5.6416783
2005-05-29,18027.060830411003,58.47900539847253,0.9175686824839934,2.698502540588379,1.1920929e-07,1.1920929e-07,0.0,15.359997,11.115,7.0,15.23,419.28,1017.05,5.8043004306253625,6.161039
2005-05-30,18024.951334327772,54.11732509421587,0.6868414592761901,1.6471315622329712,1.1920929e-07,1.1920929e-07,0.0,15.359997,7.795,4.99,10.6,349.71,898.25,5.5221712749328775,6.323975
2005-05-31,18023.54814777513,56.89139488802507,0.6532813259571634,1.1610307693481445,1.1920929e-07,15.2,15.2,15.359997,6.26,3.3,9.22,271.83,798.62,5.699977265462021,6.4054437
2005-06-01,18022.629536946155,66.05540646887657,0.6907463762391661,0.6844303011894226,1.1920929e-07,14.05,14.05,15.449575,4.755,1.94,7.57,260.26,726.88,6.329062552727022,6.6498485
2005-06-02,18022.07052817054,71.85837543429786,0.7246929053927424,0.5102572428873415,1.1920929e-07,10.68,10.68,15.456,4.205,1.66,6.75,242.48,716.13,6.762856910165972,6.527646
2005-06-03,18021.47596403777,72.72815626667195,0.7580631182345594,0.6670129299163818,1.1920929e-07,5.06,5.06,15.456,4.7,2.67,6.73,200.0,760.69,6.830390341119373,5.9370008
2005-06-04,18020.917623743022,69.37901161951467,0.6910904451215869,0.4516716291475902,1.1920929e-07,2.81,2.81,15.456,4.02,1.62,6.42,261.21,708.77,6.573990920372916,5.183419
2005-06-05,18020.38603093649,66.50643616749872,0.6853214775797828,0.5973438024520874,1.1920929e-07,5.18,5.18,15.505464,4.48,1.23,7.73,306.67,689.48,6.361757693339827,4.888097
2005-06-06,18020.01119240839,67.7773211728575,0.6410026491333994,0.17709886911221506,1.1920929e-07,10.31,10.31,15.552,3.155,0.52,5.79,246.91,647.21,6.454795445174523,4.531673
2005-06-07,18019.79922125845,70.91875490838918,0.6850818824136142,0.2774556185347592,1.1920929e-07,9.3,9.3,15.552,3.47,1.56,5.38,188.28,702.74,6.690650924749555,4.5724072
2005-06-08,18019.39243272693,71.45655006606849,0.7299729989649951,0.5419250403687315,1.1920929e-07,5.88,5.88,15.552,4.305,1.87,6.74,235.91,718.01,6.731883397692386,4.4807553
2005-06-09,18018.45280023142,67.76513972265181,0.8175601785062695,1.3399537801742554,1.1920929e-07,1.1920929e-07,0.0,15.552,6.825,4.0,9.65,347.78,826.35,6.45389725025599,4.093781
2005-06-10,18016.996299034156,65.2326777311477,0.8039705087426819,1.4412906169891357,1.1920929e-07,6.7,6.7,15.559052,7.145,3.36,10.93,314.97,785.23,6.2698551449359226,3.9104774
2005-06-11,18015.81447312601,65.95091540494445,0.7340405121483842,0.9235222339630127,1.1920929e-07,6.53,6.53,15.641572,5.51,1.85,9.17,335.25,722.35,6.3215120009836046,5.0714006
2005-06-12,18015.025996888307,66.49967879253902,0.7125577394869359,0.7398488521575928,1.1920929e-07,6.83,6.83,15.647997,4.93,0.88,8.98,359.27,671.27,6.361266607159667,5.916634
2005-06-13,18014.15404043393,66.60113106603464,0.7549089744422298,1.0090253353118896,1.1920929e-07,5.8,5.8,15.647997,5.78,2.34,9.22,316.4,743.41,6.368643549888901,5.3158054
2005-06-14,18013.13319719972,65.76923768866024,0.7469546176857661,1.0185256004333496,1.1920929e-07,4.7,4.7,15.647997,5.81,2.53,9.09,303.46,751.04,6.308405361514264,5.081584
2005-06-15,18012.144738672767,64.27607881847685,0.7220991812779952,0.9662736654281616,1.1920929e-07,4.73,4.73,15.647997,5.645,0.25,11.04,407.36,638.02,6.201709853485824,4.8575463
2005-06-16,18010.65255100273,69.54853804257968,0.9728013631324599,2.0334787368774414,1.1920929e-07,17.13,17.13,15.647997,9.015,3.8,14.23,391.49,811.12,6.586734940357426,4.6029577
2005-06-17,18008.893946219254,79.79240318108262,1.0068907314355244,1.5283772945404053,1.1920929e-07,14.16,14.16,15.647997,7.42,2.49,12.35,388.3,754.06,7.404470884690138,8.075543
2005-06-18,18007.133155518408,81.4316462356785,1.1324581166377734,2.0049777030944824,1.1920929e-07,3.71,3.71,15.647997,8.925,4.61,13.24,354.61,862.66,7.544439132638866,6.3850765
2005-06-19,18004.876291488286,78.70734112073957,1.2167084160702202,2.530663251876831,1.1920929e-07,3.65,3.65,15.647997,10.585,4.88,16.29,398.18,872.82,7.313253206719771,5.692596
2005-06-20,18001.664983798182,75.16828955589042,1.5321097676001565,3.93988037109375,1.1920929e-07,1.1920929e-07,0.0,15.647997,15.035,10.19,19.88,459.9,1255.37,7.023474079500699,5.427824
2005-06-21,17997.703331569115,70.39298899764871,1.3570153203440352,3.651703357696533,1.1920929e-07,1.1920929e-07,0.0,15.647997,14.125,7.88,20.37,539.83,1078.44,6.6505848758428225,5.7435136
2005-06-22,17995.060572356924,70.58139295797118,0.9149622763235413,1.6597986221313477,1.1920929e-07,10.1,10.1,15.647997,7.835,5.43,10.24,213.95,926.0,6.664914561333898,6.5581965
2005-06-23,17993.61017215956,69.49227271917748,0.8740693441753513,1.5125433206558228,1.1920929e-07,1.1920929e-07,0.0,15.647997,7.37,2.61,12.13,493.31,758.59,6.582502500742789,6.0082855
2005-06-24,17991.42156106236,64.32509232805027,1.0547524219530267,2.8267571926116943,1.1920929e-07,1.1920929e-07,0.0,15.647997,11.52,7.49,15.55,414.6,1039.06,6.205183360433888,5.366723
2005-06-25,17988.81234192442,59.88547712712763,0.9002792977344752,2.391324996948242,1.1920929e-07,1.1920929e-07,0.0,15.647997,10.145,6.32,13.97,437.72,979.88,5.89831473247882,5.101951
2005-06-26,17986.486949366248,57.60526190243438,0.8402113632491238,2.240902900695801,1.1920929e-07,4.8,4.8,15.647997,9.67,6.51,12.83,301.03,993.18,5.746652000710341,4.9491982
2005-06-27,17984.45874053903,59.72445333657724,0.7983581112974543,1.8102208375930786,1.1920929e-07,8.14,8.14,15.647997,8.31,5.62,11.0,249.01,930.54,5.887474516569481,5.3158054
2005-06-28,17982.76442690238,58.930529286693385,0.764671832171847,1.664548635482788,1.1920929e-07,1.1920929e-07,0.0,15.647997,7.85,6.09,9.61,237.34,961.58,5.834317654503925,5.6620455
2005-06-29,17980.855452249605,54.40026810997573,0.7962516519793361,2.2583200931549072,1.1920929e-07,1.1920929e-07,0.0,15.647997,9.725,6.45,13.0,410.48,983.3,5.540049741605749,5.8759
2005-06-30,17977.99759660747,50.961902941369374,0.9085708088325654,3.251105546951294,1.1920929e-07,1.1920929e-07,0.0,15.647997,12.86,8.62,17.1,461.51,1139.8,5.326655166126153,5.977735
2005-07-01,17975.028117412203,47.86161760388306,0.7526120962923188,2.616166114807129,1.1920929e-07,1.1920929e-07,0.0,15.647997,10.855,4.73,16.98,549.3,887.58,5.14129883926444,5.804615
2005-07-02,17972.805578979867,44.3702484402382,0.5997928206145581,1.879889726638794,1.1920929e-07,1.1920929e-07,0.0,15.601469,8.53,4.7,12.36,444.51,879.9,4.940271227531574,5.010299
2005-07-03,17971.004057385897,40.76838763728263,0.5539704781251706,1.921057939529419,1.1920929e-07,1.1920929e-07,0.0,15.552,8.66,3.49,13.83,517.37,805.14,4.741115607727205,4.562224
2005-07-04,17968.301732250795,38.18030819563186,0.7067080056435152,3.4743635654449463,1.1920929e-07,1.1920929e-07,0.0,15.552,13.565,8.07,19.06,495.63,1086.01,4.602990362964014,4.8575463
2005-07-05,17964.37399373616,36.75780247398625,0.7669313684659601,4.093469142913818,1.1920929e-07,1.1920929e-07,0.0,15.552,15.52,10.11,20.93,475.81,1249.17,4.5287928420336,5.3361726
2005-07-06,17960.870556788206,38.985877919084075,0.640342286428006,2.866342067718506,1.1920929e-07,8.67,8.67,15.552,11.645,6.86,16.43,353.04,1023.04,4.645546523773235,8.340315
2005-07-07,17958.40659034447,40.34574498764181,0.5737631272271224,2.1458992958068848,1.1920929e-07,1.1920929e-07,0.0,15.552,9.37,4.67,14.07,477.55,873.41,4.718279337520058,6.782234
2005-07-08,17956.22491941328,47.189070253467875,0.6797157623024486,2.2377359867095947,1.1920929e-07,20.9,20.9,15.463053,9.66,6.36,12.96,262.5,980.26,5.101948568034321,7.1081076
2005-07-09,17954.287460194053,66.19786866613225,0.8467855827295133,1.6550483703613281,1.1920929e-07,22.86,22.86,15.456,7.82,4.89,10.75,254.71,889.06,6.33937144054258,7.841322
2005-07-10,17952.562621723708,71.87870111324074,0.9684930180187848,1.909974217414856,1.1920929e-07,1.52,1.52,15.456,8.625,5.68,11.57,298.13,937.07,6.764427435753716,4.908464
2005-07-11,17950.162508564496,67.19088871115066,1.0844725642530757,2.809339761734009,1.1920929e-07,1.1920929e-07,0.0,15.456,11.465,8.25,14.68,347.64,1108.78,6.411696576404636,4.969565
2005-07-12,17947.40110449525,62.685052000140864,0.974446667953066,2.6494174003601074,1.1920929e-07,0.02,0.02,15.367059,10.96,7.08,14.84,414.95,1035.35,6.090006193985497,5.1426854
2005-07-13,17944.929993740265,58.32189927345063,0.8384751306329559,2.261486768722534,1.1920929e-07,1.1920929e-07,0.0,15.359997,9.735,6.35,13.12,366.2,984.15,5.793892301780478,4.72516
2005-07-14,17942.284328772115,54.43255333675644,0.9136567743395447,3.038931369781494,1.1920929e-07,1.1920929e-07,0.0,15.359997,12.19,6.45,17.93,512.26,969.83,5.542093440601318,4.826996
2005-07-15,17938.807309672582,51.49721807965497,1.009025076916116,3.8337931632995605,1.1920929e-07,1.1920929e-07,0.0,15.353575,14.7,10.3,19.1,406.93,1263.74,5.359329901016434,5.804615
2005-07-16,17935.736027480645,48.44572785173837,0.7233914741611065,2.4815781116485596,1.1920929e-07,1.1920929e-07,0.0,15.263997,10.43,7.03,13.83,350.15,1027.84,5.175720895802511,6.1406717
2005-07-17,17932.769319048777,45.55435769834053,0.823505809415475,3.4490292072296143,1.1920929e-07,1.1920929e-07,0.0,15.263997,13.485,8.77,18.2,435.64,1141.52,5.007553806600487,5.458375
2005-07-18,17928.828124836466,43.65994961277572,0.9497350030113239,4.4117302894592285,1.1920929e-07,1.1920929e-07,0.0,15.257575,16.525,9.58,23.47,528.75,1207.81,4.9003457260257095,6.2730575
2005-07-19,17924.703795407677,42.04393416698889,0.7997604142558377,3.743540048599243,1.1920929e-07,1.1920929e-07,0.0,15.168,14.415,8.38,20.45,469.43,1110.2,4.810708401421577,6.171222
2005-07-20,17921.06029196305,40.161691219705645,0.7567256760032286,3.6944549083709717,1.1920929e-07,1.1920929e-07,0.0,15.168,14.26,7.98,20.54,516.29,1080.74,4.708368937287676,6.0286527
2005-07-21,17916.779097933268,38.93771694285836,0.9039531562409114,4.788577556610107,1.1920929e-07,1.1920929e-07,0.0,15.161578,17.715,10.39,25.04,529.62,1271.08,4.642991282217727,6.1203046
2005-07-22,17912.31833688085,42.54333829614766,0.8390451231652836,3.9636311531066895,1.1920929e-07,9.34,9.34,15.071998,15.11,7.27,22.95,404.08,1043.5,4.838232934149065,8.533802
2005-07-23,17909.122877386108,44.728784506396245,0.6643101836826676,2.517996072769165,1.1920929e-07,1.1920929e-07,0.0,15.071998,10.545,5.14,15.95,485.7,898.24,4.960547713831497,7.0062723
2005-07-24,17906.666722410242,41.68064120775821,0.6210575226690483,2.5639142990112305,1.1920929e-07,1.1920929e-07,0.0,14.983053,10.69,5.07,16.31,489.08,888.22,4.790784038668342,5.4176407
2005-07-25,17903.90030899222,39.10322838786412,0.6487881585590896,3.108600616455078,1.1920929e-07,1.1920929e-07,0.0,14.975997,12.41,6.95,17.87,465.07,1006.06,4.651778590859592,4.8779135
2005-07-26,17900.17963984387,37.50208217650818,0.7892179252024046,4.335727691650391,1.1920929e-07,1.1920929e-07,0.0,14.975997,16.285,11.17,21.4,412.38,1333.76,4.567463860037898,5.325989
2005-07-27,17895.383085561214,36.8987998274908,0.8956438605725686,5.1258392333984375,1.1920929e-07,1.1920929e-07,0.0,14.88,18.78,13.41,24.15,414.14,1538.98,4.536093509523721,5.9675517
2005-07-28,17890.349299584097,36.5288291302726,0.8375108300425569,4.821828365325928,1.1920929e-07,1.1920929e-07,0.0,14.88,17.82,12.73,22.91,396.15,1459.45,4.516961913639511,6.3647094
2005-07-29,17885.94905381025,35.66877561062909,0.702956884985915,4.06021785736084,1.1920929e-07,1.1920929e-07,0.0,14.784,15.415,9.78,21.05,442.62,1223.55,4.472798823389853,6.2832413
2005-07-30,17881.69820665699,34.75307934156896,0.7465403687787235,4.511484146118164,1.1920929e-07,1.1920929e-07,0.0,14.784,16.84,11.02,22.66,436.98,1321.52,4.426253016964316,6.069387
2005-07-31,17877.10212850139,34.185157827763845,0.7604383023732134,4.7125749588012695,1.1920929e-07,1.1920929e-07,0.0,14.737467,17.475,11.38,23.57,444.26,1350.05,4.397628655263838,6.161039
2005-08-01,17873.20946771722,33.05687432297932,0.5513089403253576,3.2336883544921875,1.1920929e-07,1.1920929e-07,0.0,14.688,12.805,7.76,17.85,406.27,1088.02,4.341308971979386,5.3361726
2005-08-02,17870.326299244418,31.14261824233809,0.47253477799412347,2.7570879459381104,1.1920929e-07,1.1920929e-07,0.0,14.681575,11.3,6.64,15.96,411.21,993.65,4.247401525774376,4.4298377
2005-08-03,17867.072132301924,29.6825042843096,0.5524061428456459,3.8306262493133545,1.1920929e-07,1.1920929e-07,0.0,14.592003,14.69,8.36,21.02,454.4,1108.9,4.177140847146247,4.643692
2005-08-04,17862.55533666743,29.406085567372436,0.6976835479326877,5.10842227935791,1.1920929e-07,1.1920929e-07,0.0,14.592003,18.725,12.32,25.13,445.72,1426.27,4.163971011073277,5.325989
2005-08-05,17857.362840249916,29.716993992200685,0.6962851974435773,5.076754093170166,1.1920929e-07,1.1920929e-07,0.0,14.496,18.625,13.43,23.82,377.87,1540.89,4.178787012778492,5.8453493
2005-08-06,17852.540438594293,29.695139377565376,0.6343529619710597,4.585903644561768,1.1920929e-07,1.1920929e-07,0.0,14.496,17.075,11.86,22.29,386.84,1388.74,4.177743834562438,6.069387
2005-08-07,17848.166564107487,29.2956119086042,0.578458265992688,4.207473278045654,1.1920929e-07,1.1920929e-07,0.0,14.4,15.88,11.0,20.76,374.63,1319.79,4.158719167937864,6.161039
2005-08-08,17843.937424452623,28.8025032782579,0.5716567662306166,4.234390735626221,1.1920929e-07,1.1920929e-07,0.0,14.4,15.965,11.56,20.37,336.31,1365.0,4.135357768627457,6.323975
2005-08-09,17839.74268821401,28.313269178053922,0.5433358316103742,4.093469142913818,1.1920929e-07,1.1920929e-07,0.0,14.304003,15.52,9.82,21.22,428.81,1226.35,4.112309618920558,6.2323236
2005-08-10,17836.18112508158,27.298710511053443,0.424848375289362,3.016763925552368,1.1920929e-07,1.1920929e-07,0.0,14.304003,12.12,5.56,18.68,470.48,924.18,4.064921668738953,5.438008
2005-08-11,17833.58111763716,25.495108102061977,0.34371871964792516,2.3295726776123047,1.1920929e-07,1.1920929e-07,0.0,14.208003,9.95,4.74,15.16,414.75,881.53,3.982023332663853,4.7455273
2005-08-12,17830.966605909067,23.817623099902224,0.3731598775795345,3.0848495960235596,1.1920929e-07,1.1920929e-07,0.0,14.208003,12.335,5.66,19.01,464.92,926.69,3.906439816013636,5.3565392
2005-08-13,17827.260698580067,23.22018588019655,0.45645184807429806,4.289809226989746,1.1920929e-07,1.1920929e-07,0.0,14.111995,16.14,11.44,20.84,340.86,1355.36,3.879868593934271,5.723147
2005-08-14,17822.706248274513,23.410500660145946,0.5032988411924277,4.761659622192383,1.1920929e-07,1.1920929e-07,0.0,14.111995,17.63,12.88,22.38,329.18,1475.64,3.88831323250363,5.886083
2005-08-15,17817.748387487278,23.943272473345925,0.5403418311449407,5.0561699867248535,1.1920929e-07,1.1920929e-07,0.0,14.016,18.56,13.4,23.72,346.92,1538.94,3.912051232891713,6.069387
2005-08-16,17813.10702432347,24.141625120303328,0.45072125894276616,4.0586347579956055,1.1920929e-07,1.1920929e-07,0.0,14.009578,15.41,9.72,21.1,391.15,1218.69,3.920925939684375,5.6416783
2005-08-17,17809.731557106912,29.304636160250634,0.4184091449891837,2.7190866470336914,1.1920929e-07,12.33,12.33,13.919997,11.18,6.77,15.59,266.94,1010.34,4.159147926209737,8.23848
2005-08-18,17807.12540832223,33.31610813754621,0.4801373389408689,2.7982561588287354,1.1920929e-07,1.1920929e-07,0.0,13.831053,11.43,6.79,16.07,368.12,1002.44,4.354184792642029,5.804615
2005-08-19,17803.722261213417,31.878952059627547,0.5819558180831821,4.011133193969727,1.1920929e-07,1.1920929e-07,0.0,13.824003,15.26,9.54,20.98,397.45,1203.31,4.283280936383665,5.3565392
2005-08-20,17799.481555186154,31.2525792647909,0.6181646006246573,4.467149257659912,1.1920929e-07,1.1920929e-07,0.0,13.728,16.7,10.89,22.51,390.64,1310.8,4.252740455818465,5.3972735
2005-08-21,17794.919069417767,30.94290574326548,0.6100163235597612,4.449732303619385,1.1920929e-07,1.1920929e-07,0.0,13.728,16.645,10.96,22.33,395.03,1317.14,4.237722033741078,6.639665
2005-08-22,17791.125265412433,29.985853556484845,0.44977063170673875,3.073765993118286,1.1920929e-07,1.1920929e-07,0.0,13.631997,12.3,7.55,17.05,358.36,1058.51,4.191641720017969,5.977735
2005-08-23,17788.832612948892,27.76003940295251,0.3096605131736292,1.5996296405792236,1.1920929e-07,1.1920929e-07,0.0,13.631997,7.645,3.87,11.42,293.41,820.83,4.086401313212817,4.1752496
2005-08-24,17786.922098560695,25.331656703848125,0.3434849065308852,2.600332498550415,1.1920929e-07,1.1920929e-07,0.0,13.536,10.805,5.14,16.47,414.39,884.71,3.9745947430980917,3.9308445
2005-08-25,17783.511141107145,24.399741761040563,0.4467421188053786,4.136220455169678,1.1920929e-07,1.1920929e-07,0.0,13.536,15.655,10.35,20.96,361.47,1268.19,3.9325047634461754,4.2363505
2005-08-26,17779.083357048727,24.425012344536896,0.47526452614493164,4.492483615875244,1.1920929e-07,1.1920929e-07,0.0,13.440002,16.78,11.24,22.32,367.1,1338.83,3.933640209619837,4.562224
2005-08-27,17774.77895668852,24.339661176029807,0.4359984205896652,4.096635818481445,1.1920929e-07,1.1920929e-07,0.0,13.343994,15.53,9.81,21.25,378.66,1224.45,3.929806566100636,4.6844263
2005-08-28,17770.922287101395,23.85778101303638,0.3874089681396363,3.5883677005767822,1.1920929e-07,1.1920929e-07,0.0,13.343994,13.925,8.3,19.55,387.31,1106.58,3.9082323658176716,5.325989
2005-08-29,17767.987181606033,27.93120205523841,0.3426087061769819,2.207651376724243,1.1920929e-07,10.86,10.86,13.248003,9.565,4.69,14.44,263.23,874.72,4.09439954578253,4.012313
2005-08-30,17766.189386935577,30.593048480411323,0.33521560050750854,1.651881456375122,1.1920929e-07,1.1920929e-07,0.0,13.248003,7.81,5.18,10.44,214.04,902.27,4.220818593848146,2.9226747
2005-08-31,17764.14531595797,28.130706077751057,0.36468920922667736,2.5195794105529785,1.1920929e-07,1.1920929e-07,0.0,13.152002,10.55,6.29,14.81,330.11,956.04,4.103741897504768,3.1874466
2005-09-01,17760.989837754016,26.814249672160688,0.435266129214298,3.661203622817993,1.1920929e-07,1.1920929e-07,0.0,13.152002,14.155,8.48,19.83,381.86,1118.6,4.042486520386063,3.8188257
2005-09-02,17757.676694334972,25.708991605057186,0.35294434636484057,2.844174385070801,1.1920929e-07,1.1920929e-07,0.0,13.056003,11.575,7.63,15.52,285.62,1055.71,3.991764951004372,4.124332
2005-09-03,17755.137876939298,23.973181956947425,0.2900620088723519,2.248819589614868,1.1920929e-07,1.1920929e-07,0.0,12.960006,9.695,5.61,13.78,330.71,932.8,3.9133881576955396,3.2689147
2005-09-04,17753.135296787917,21.84417614880115,0.2406722810775225,1.7864696979522705,1.1920929e-07,1.1920929e-07,0.0,12.960006,8.235,3.43,13.04,372.92,797.4,3.8193555687606473,2.5255167
2005-09-05,17751.43294440003,19.55390376495937,0.2125350810701732,1.7563855648040771,1.1920929e-07,1.1920929e-07,0.0,12.863997,8.14,3.03,13.25,382.91,769.85,3.720721379701138,2.36258
2005-09-06,17749.187729018897,17.893663552546546,0.23856704554331304,2.77133846282959,1.1920929e-07,1.1920929e-07,0.0,12.863997,11.345,7.13,15.56,302.4,1010.08,3.6508168417513307,2.6986368
2005-09-07,17746.13418250579,17.07037729442019,0.2501816130636521,3.289106845855713,1.1920929e-07,1.1920929e-07,0.0,12.768,12.98,8.63,17.33,302.2,1130.11,3.616640976174999,3.3809338
2005-09-08,17742.788521544586,16.561578472863097,0.23770485987762427,3.2210214138031006,1.1920929e-07,1.1920929e-07,0.0,12.672003,12.765,7.45,18.08,355.93,1036.09,3.5956801080867495,3.7780914
2005-09-09,17740.531829646716,15.055006532377064,0.14497943707392166,1.2402002811431885,1.1920929e-07,1.1920929e-07,0.0,12.672003,6.51,2.15,10.87,314.96,737.88,3.534323934392765,3.0754275
2005-09-10,17739.662673852767,19.155642240352446,0.16343426503733785,0.6955139636993408,1.1920929e-07,13.35,13.35,12.575997,4.79,2.16,7.42,164.77,734.96,3.7038314732529725,2.3727636
2005-09-11,17738.826681174727,24.828718572084465,0.22827323509627137,1.0533602237701416,1.1920929e-07,4.15,4.15,12.575997,5.92,3.17,8.67,173.71,777.12,3.951823868468391,1.883954
2005-09-12,17737.40697725948,23.720569766409326,0.2506932771448514,1.7674691677093506,1.1920929e-07,1.1920929e-07,0.0,12.48,8.175,4.25,12.1,318.4,840.26,3.902110989403659,1.7923021
2005-09-13,17735.39815180005,21.625788281537965,0.24947297601131532,2.2377359867095947,1.1920929e-07,1.1920929e-07,0.0,12.383997,9.66,5.28,14.04,319.49,892.07,3.8098386515577025,1.7413845
2005-09-14,17732.92152785235,20.07600288582406,0.24826740488194374,2.584498405456543,1.1920929e-07,1.1920929e-07,0.0,12.383997,10.755,5.92,15.59,348.77,932.01,3.742979847146749,1.883954
2005-09-15,17730.80013839119,18.272491704231054,0.18230693131414566,1.5616283416748047,1.1920929e-07,1.1920929e-07,0.0,12.288,7.525,3.43,11.62,325.22,800.07,3.6666508811322154,1.9246881
2005-09-16,17729.71097089108,15.593253767192834,0.12951924429988956,0.6780967116355896,1.1920929e-07,1.1920929e-07,0.0,12.288,4.735,3.05,6.42,143.55,781.05,3.556123277408283,1.6497327
2005-09-17,17729.168765345352,12.527955803150517,0.10205049987073975,0.6226780414581299,1.1920929e-07,1.1920929e-07,0.0,12.192,4.56,2.73,6.39,156.17,755.56,3.4337498978662024,1.6293656
2005-09-18,17728.12067221047,10.093373416237467,0.09768377396603847,1.4872090816497803,1.1920929e-07,1.1920929e-07,0.0,12.103056,7.29,3.14,11.44,314.99,767.48,3.339563756170518,1.8330363
2005-09-19,17726.312689907125,8.49865961679734,0.09215578249232291,2.047729253768921,1.1920929e-07,1.1920929e-07,0.0,12.096,9.06,4.08,14.04,363.45,809.48,3.279274235659586,1.8330363
2005-09-20,17724.526872763363,6.952266477589592,0.06647289651373003,1.4697916507720947,1.1920929e-07,1.1920929e-07,0.0,12.000006,7.235,2.96,11.51,318.38,759.03,3.221851153402908,1.8432199
2005-09-21,17722.928677278192,5.300226143278212,0.05306673322325432,1.69463312625885,1.1920929e-07,1.1920929e-07,0.0,12.000006,7.945,2.45,13.44,367.71,701.44,3.161615491465576,1.9043211
2005-09-22,17721.63674112291,3.4208875839960085,0.028814526887518167,0.896604597568512,1.1920929e-07,1.1920929e-07,0.0,11.903997,5.425,0.94,9.91,315.56,646.6,3.0944602861243187,1.7312009
2005-09-23,17720.842035214057,1.1418964614914204,0.00932655288170472,0.7493492364883423,1.1920929e-07,1.1920929e-07,0.0,11.903997,4.96,1.48,8.44,259.25,678.99,3.014901803799966,1.4053278
2005-09-24,17720.02461675307,-0.07799918369516289,1.1920928955078125e-07,0.9916079044342041,1.1920929e-07,1.1920929e-07,0.0,11.808002,5.725,2.25,9.2,257.13,715.27,0.9345442068406351,1.3951443
2005-09-25,17718.471984114236,0.07220077540814225,0.0005219359333431283,2.1601498126983643,1.1920929e-07,1.1920929e-07,0.0,11.711994,9.415,4.21,14.62,340.44,795.02,2.0045525000340323,1.5478973
2005-09-26,17715.919619762564,0.22257868718672352,0.0024685294171975323,2.8330907821655273,1.1920929e-07,1.1920929e-07,0.0,11.711994,11.54,6.96,16.12,304.51,954.71,2.692675240962265,1.9043211
2005-09-27,17713.235477828584,0.20701475293893887,0.002098784929502414,2.505328893661499,1.1920929e-07,1.1920929e-07,0.0,11.615997,10.505,5.63,15.38,320.54,869.12,2.6487243567447765,2.0061564
2005-09-28,17710.498794686835,0.2605153827606119,0.003001400324634065,2.9090933799743652,1.1920929e-07,1.1920929e-07,0.0,11.615997,11.78,6.71,16.85,323.22,928.34,2.779358383417793,2.1283588
2005-09-29,17707.805750939653,39.27582720075448,0.43537598156003493,2.3992419242858887,1.1920929e-07,81.26,81.26,11.520002,10.17,6.36,13.98,190.22,957.86,4.660959895744842,10.590877
2005-09-30,17705.789546684024,77.88152218410828,0.728282261870583,1.6012130975723267,1.1920929e-07,4.79,4.79,11.424,7.65,4.43,10.87,254.55,863.69,7.244583089981335,32.79098
2005-10-01,17704.763361939567,86.57354445148897,0.6376146003880546,0.45325505539457467,1.1920929e-07,24.68,24.68,11.424,4.025,0.97,7.08,184.0,673.7,8.00088333512292,10.896382
2005-10-02,17704.62622646478,92.35758229877521,0.6035483478861732,1.1920928955078125e-07,1.1920929e-07,6.35,6.35,11.328,2.375,0.53,4.22,112.58,647.53,8.547415650717305,5.193603
2005-10-03,17704.630917557657,91.82879053772571,0.6017229196510364,1.1920928955078125e-07,1.1920929e-07,10.15,10.15,11.328,2.415,-0.67,5.5,181.62,592.7,8.495936932376868,3.6966233
2005-10-04,17704.531860995885,87.43124895208017,0.6149209912943948,0.3154854926302697,1.1920929e-07,1.1920929e-07,0.0,11.2319975,3.59,-0.47,7.65,300.61,603.75,8.079664863587407,2.8717568
2005-10-05,17703.752014011574,80.87053903251264,0.686852950942077,1.257617473602295,1.1920929e-07,2.45,2.45,11.136003,6.565,3.43,9.7,197.9,785.82,7.4962331496057715,2.4847825
2005-10-06,17702.236452517925,78.60621187825012,0.7128186659166299,1.5758788585662842,1.1920929e-07,6.22,6.22,11.136003,7.57,5.02,10.12,147.4,883.6,7.304809058432262,2.5560672
2005-10-07,17700.941041706235,82.48009890764291,0.6606749958451229,1.0169421434402466,1.1920929e-07,14.78,14.78,11.04,5.805,2.26,9.35,202.26,741.96,7.635346401964942,4.735344
2005-10-08,17700.204208103776,84.77442318003784,0.6072216326166368,0.48333955208309476,1.1920929e-07,4.49,4.49,11.04,4.12,0.35,7.89,212.09,637.89,7.838117863826159,3.065244
2005-10-09,17699.464931080234,82.67309221403585,0.6752895111077655,1.1531137228012085,1.1920929e-07,6.24,6.24,10.9439945,6.235,2.52,9.95,201.38,743.11,7.652199089596819,2.586618
2005-10-10,17698.074686053853,78.89095541747713,0.6955429457378596,1.5663785934448242,1.1920929e-07,1.1920929e-07,0.0,10.848,7.54,4.06,11.02,256.7,821.0,7.328609698391988,2.6375356
2005-10-11,17696.79074474881,71.87035481088057,0.5599270867247094,0.9678571224212646,1.1920929e-07,1.1920929e-07,0.0,10.848,5.65,2.89,8.41,215.43,765.94,6.763782489112511,2.759738
2005-10-12,17695.740277324243,68.95648808950367,0.5517359158984079,1.138863205909729,1.1920929e-07,6.5,6.5,10.752,6.19,2.73,9.65,187.57,751.22,6.542335243654706,2.2505612
2005-10-13,17694.651642647572,72.09595877067066,0.5650305155039655,1.0391095876693726,1.1920929e-07,11.59,11.59,10.752,5.875,2.65,9.1,175.2,750.72,6.781237312546889,4.5825906
2005-10-14,17692.95666284852,75.41199748680222,0.7521455564984858,2.261486768722534,1.1920929e-07,6.45,6.45,10.655997,9.735,4.67,14.8,223.84,857.93,7.043055567280236,3.0550606
2005-10-15,17691.090785032913,77.89784402333947,0.6562397048946378,1.4317903518676758,1.1920929e-07,10.18,10.18,10.655997,7.115,3.36,10.87,177.08,792.32,7.24593404944355,3.5947878
2005-10-16,17689.97407812057,80.0690862728229,0.6044422972258152,0.9456896185874939,1.1920929e-07,7.9,7.9,10.560002,5.58,3.01,8.15,145.82,779.48,7.427912229926123,3.0957947
2005-10-17,17688.571225851294,80.80520035125677,0.7390153900579823,1.922641396522522,1.1920929e-07,7.1,7.1,10.464,8.665,5.3,12.03,171.97,905.37,7.490639816182434,5.0510335
2005-10-18,17686.215900671566,78.3654111607005,0.826643373466464,2.631999969482422,1.1920929e-07,1.1920929e-07,0.0,10.464,10.905,6.23,15.58,271.77,953.26,7.284741766799962,3.391117
2005-10-19,17684.20347763681,83.67692523796272,0.653490301321342,1.1974486112594604,1.1920929e-07,22.65,22.65,10.367997,6.375,2.76,9.99,177.97,764.27,7.7404582228709025,5.5296597
2005-10-20,17683.56468973117,94.95322370438731,0.6187331473811466,0.33290861186664245,1.1920929e-07,14.82,14.82,10.367997,3.645,0.65,6.64,157.11,664.72,8.804664689464413,6.446178
2005-10-21,17682.558149596294,92.84293476631798,0.8157383387148498,1.8165541887283325,1.1920929e-07,1.1920929e-07,0.0,10.272,8.33,1.83,14.83,296.06,711.04,8.594939976888769,4.2363505
2005-10-22,17680.206937461237,86.03755885905127,0.9070731095941914,2.7222533226013184,1.1920929e-07,1.1920929e-07,0.0,10.272,11.19,7.31,15.07,217.61,1025.09,7.952042683663117,3.7169902
2005-10-23,17677.782856856433,79.95798005351028,0.7567233158097779,2.2298190593719482,1.1920929e-07,1.1920929e-07,0.0,10.176,9.635,6.77,12.5,174.15,981.39,7.418490104629559,3.1263454
2005-10-24,17675.543067848474,74.28634744967619,0.7009924519082049,2.218735456466675,1.1920929e-07,1.1920929e-07,0.0,10.168944,9.6,5.1,14.1,248.44,883.73,6.953065529371881,2.9532251
2005-10-25,17673.534628350997,68.88303544598534,0.5789463413147801,1.691466212272644,1.1920929e-07,1.1920929e-07,0.0,10.08,7.935,1.59,14.28,281.9,696.21,6.536847707966044,2.7902887
2005-10-26,17672.527564076674,66.3415828846562,0.4185118795003681,0.3550803214768372,1.1920929e-07,6.78,6.78,9.990422,3.715,-0.48,7.91,172.68,604.86,6.349787940838261,2.7088203
2005-10-27,17672.44204975669,65.57377164320653,0.37385131783157444,1.1920928955078125e-07,1.1920929e-07,5.2,5.2,9.984,2.225,-1.16,5.61,145.07,563.65,6.294334345708925,2.0774412
2005-10-28,17672.443122327197,65.28783980014593,0.3597233284723346,1.1920928955078125e-07,1.1920929e-07,7.33,7.33,9.887998,1.865,-0.52,4.25,110.91,594.05,6.2738074843716785,2.1181753
2005-10-29,17672.44317795781,66.18955821294102,0.35657173001932335,1.1920928955078125e-07,4.595518e-07,7.7099996,7.71,9.887998,1.535,0.16,2.91,70.77,630.91,6.338769616373584,2.1283588
2005-10-30,17672.443445463112,66.54334400901136,0.37006631028339565,1.1920928955078125e-07,1.1920929e-07,6.42,6.42,9.792003,2.145,-0.7,4.99,130.58,589.54,6.364440606802914,1.9552387
2005-10-31,17672.43778033083,87.6487125807694,0.5093949346990044,0.056228543098175265,1.1920929e-07,48.83,48.83,9.792003,2.795,0.59,5.0,102.44,645.71,8.099762217678379,11.40556
2005-11-01,17672.427749195813,119.46942275036774,0.6042310971737467,1.1920928955078125e-07,0.0008575654,34.41914,34.42,9.696003,0.9,-0.83,2.63,83.98,587.97,11.650574033014298,10.998218
2005-11-02,17672.42844772631,130.8701776962755,0.6605288637383234,1.1920928955078125e-07,0.000534648,15.889466,15.89,9.696003,0.87,-1.58,3.32,118.21,554.87,13.271223150213535,7.8718724
2005-11-03,17672.29574981238,131.54616292092524,0.6379700707680779,1.1920928955078125e-07,0.043213464,16.566788,16.61,9.6,0.435,-1.1,1.97,74.26,576.12,13.374106591505956,6.507279
2005-11-04,17686.54193155495,125.14026148559303,0.5470649974699817,1.1920928955078125e-07,26.706707,0.0032923387,26.71,9.6,-1.06,-2.33,0.21,63.49,528.76,12.430327884802825,6.5174623
2005-11-05,17716.468069795104,113.15445197242633,0.5143755749746416,1.1920928955078125e-07,29.716349,4.223651,33.94,9.504003,-0.355,-2.35,1.64,97.91,525.52,10.839675244815085,6.04902
2005-11-06,17741.42774054252,102.85120099872492,0.4542312292981497,1.1920928955078125e-07,17.859982,0.04001762,17.9,9.504003,-0.77,-2.34,0.8,75.84,525.4,9.636022200819577,6.9248037
2005-11-07,17753.852373783757,93.36060428709449,0.3894747374508025,1.1920928955078125e-07,6.9699807,1.9318162e-05,6.97,9.408,-1.44,-3.94,1.06,117.68,469.56,8.645919948722437,5.234337
2005-11-08,17758.53707002595,84.76102947622692,0.35696060620309583,1.1920928955078125e-07,3.1699665,3.3726992e-05,3.17,9.408,-1.305,-4.44,1.83,157.38,449.75,7.836918644582547,4.185433
2005-11-09,17759.373587460796,78.55496992256522,0.4299327269884788,0.008994287322955097,1.1920929e-07,2.86,2.86,9.318422,2.64,-1.42,6.7,168.54,555.12,7.300534150271708,3.767908
2005-11-10,17759.094401750383,76.36720921923286,0.4531245233140636,0.39783522651428527,1.1920929e-07,7.85,7.85,9.312,3.85,-0.17,7.87,154.53,606.36,7.120332849864432,4.3076353
2005-11-11,17761.861283208134,77.20295131202808,0.33206412660510326,1.1920928955078125e-07,14.330944,0.029054724,14.36,9.26253,-0.78,-3.51,1.95,121.12,485.34,7.188640096184226,5.3972735
2005-11-12,17777.960553016208,70.00801220199465,0.27954069082558186,1.1920928955078125e-07,17.549997,2.092123e-06,17.55,9.216,-1.77,-3.89,0.35,98.91,470.55,6.621399918234173,4.8066287
2005-11-13,17788.7859717244,71.30764563226187,0.3368332827561844,1.1920928955078125e-07,0.0062168115,19.463783,19.47,9.216,0.645,-1.6,2.89,99.96,553.2,6.720441601332845,6.3850765
2005-11-14,17796.12117969793,71.77194799072224,0.2869060216944337,1.1920928955078125e-07,9.509995,5.101562e-06,9.51,9.119997,-1.605,-4.53,1.32,128.0,457.33,6.756182900719841,6.130488
2005-11-15,17801.87425239042,65.02268108216538,0.2693815147290395,1.1920928955078125e-07,2.1898098,0.0001901883,2.19,9.119997,-1.095,-4.86,2.67,170.06,432.98,6.254831740052731,4.8677297
2005-11-16,17802.578944967267,58.98506240361055,0.343848771505671,0.46275537001820055,1.1920929e-07,1.1920929e-07,0.0,9.024003,4.055,0.82,7.29,170.35,641.49,5.837953496594295,4.3483696
2005-11-17,17801.495154344255,53.882039983805996,0.3735192506337951,1.2924522161483765,1.1920929e-07,1.1920929e-07,0.0,9.024003,6.675,2.63,10.72,190.73,732.96,5.507348138341457,3.9512117
2005-11-18,17799.835989097526,49.77514617728745,0.3953104987548316,1.960642695426941,1.1920929e-07,1.1920929e-07,0.0,9.016947,8.785,5.78,11.79,157.24,922.75,5.2549261333479595,3.920661
2005-11-19,17797.60590717217,46.45085508904285,0.40415304315120104,2.4625773429870605,1.1920929e-07,1.1920929e-07,0.0,8.928,10.37,6.74,14.0,171.49,979.13,5.059102756674796,4.531673
2005-11-20,17795.092527709847,43.59507370513817,0.37894527268022293,2.457827091217041,1.1920929e-07,1.1920929e-07,0.0,8.928,10.355,6.83,13.88,168.85,986.47,4.896715208193561,4.908464
2005-11-21,17792.506016968713,40.98691089823435,0.36819468696349333,2.673168182373047,1.1920929e-07,1.1920929e-07,0.0,8.838422,11.035,7.74,14.33,159.8,1059.27,4.752966191766337,4.796445
2005-11-22,17789.91423682661,38.540550655329554,0.3329863623686208,2.4815781116485596,1.1920929e-07,1.1920929e-07,0.0,8.831997,10.43,6.91,13.95,163.68,992.97,4.621972637813331,4.4298377
2005-11-23,17787.609668263078,35.97829451798184,0.28927043523772844,2.123732089996338,1.1920929e-07,1.1920929e-07,0.0,8.831997,9.3,5.69,12.91,165.8,917.35,4.488642425642408,3.941028
2005-11-24,17785.66118817667,33.2370114868254,0.24290868335871105,1.70413339138031,1.1920929e-07,1.1920929e-07,0.0,8.742422,7.975,4.1,11.85,172.56,819.2,4.350252117397064,3.5031362
2005-11-25,17784.765503330647,40.35496148809044,0.20282296416840545,1.1920928955078125e-07,1.1920929e-07,23.16,23.16,8.736,2.335,-1.98,6.65,135.93,540.83,4.718776149311344,4.969565
2005-11-26,17796.700127115888,46.34023200779112,0.16430933820315097,1.1920928955078125e-07,20.47,1.1920929e-07,20.47,8.736,-2.695,-5.63,0.24,117.22,421.05,5.052713296142285,4.012313
2005-11-27,17804.137645259852,41.285861973034805,0.12671365639161447,1.1920928955078125e-07,1.1920929e-07,1.1920929e-07,0.0,8.646422,-4.57,-7.31,-1.83,143.3,367.01,4.769226395993004,3.2689147
2005-11-28,17809.04726428584,36.52914339764647,0.10790090852415408,1.1920928955078125e-07,12.06,1.1920929e-07,12.06,8.64,-5.09,-8.8,-1.38,134.13,322.84,4.516978130464821,2.8717568
2005-11-29,17824.400130161717,32.02155681144784,0.10231476256807909,1.1920928955078125e-07,22.75,1.1920929e-07,22.75,8.64,-4.0,-6.28,-1.72,95.54,389.52,4.290264606205208,2.8717568
2005-11-30,17842.594936673588,27.739402471998588,0.08827470057093213,1.1920928955078125e-07,16.22,1.1920929e-07,16.22,8.632941,-4.045,-6.55,-1.54,106.02,387.43,4.0854380293896595,2.5968015
2005-12-01,17857.824027768904,23.66819064877453,0.07088104745797935,1.1920928955078125e-07,11.89,1.1920929e-07,11.89,8.544,-4.745,-6.59,-2.9,78.15,382.52,3.8997767403054016,2.3727636
2005-12-02,17869.092618288698,19.78813859298488,0.06150041134925678,1.1920928955078125e-07,18.83,1.1920929e-07,18.83,8.544,-4.23,-5.77,-2.69,69.24,408.12,3.7306910121803694,2.494966
2005-12-03,17878.784978810825,16.080629373776883,0.04805377200529704,1.1920928955078125e-07,9.67,1.1920929e-07,9.67,8.544,-4.775,-6.38,-3.17,72.41,392.05,3.575978260535476,2.3523967
2005-12-04,17886.479426444486,12.532472801636908,0.036260656741594746,1.1920928955078125e-07,4.9,1.1920929e-07,4.9,8.536944,-5.21,-8.51,-1.91,127.43,330.83,3.433927091919877,2.1589096
2005-12-05,17891.754278298893,9.130478687051314,0.032035435405618505,1.1920928955078125e-07,6.74,1.1920929e-07,6.74,8.448,-2.37,-5.03,0.29,105.66,424.43,3.303029403044669,2.1283588
2005-12-06,17894.027106562007,5.861951314707158,0.02229232187441208,1.1920928955078125e-07,1.1920929e-07,1.1920929e-07,0.0,8.448,-1.225,-4.36,1.91,154.17,445.83,3.1819693374988387,2.1079917
2005-12-07,17894.01287553466,2.720751710604883,0.01002178632703489,1.1920928955078125e-07,1.1920929e-07,1.1920929e-07,0.0,8.448,-1.68,-3.99,0.63,120.86,461.1,3.0698083569866412,2.0468905
2005-12-08,17894.01287553467,-0.08242355848355214,1.1920928955078125e-07,1.1920928955078125e-07,1.1920929e-07,1.1920929e-07,0.0,8.448,0.385,-3.82,4.59,176.51,456.63,0.9063827037788224,1.9552387
2005-12-09,17894.014680326127,-0.34043636194345833,1.1920928955078125e-07,1.1920928955078125e-07,1.1920929e-07,1.1920929e-07,0.0,8.448,2.33,-1.88,6.54,173.91,533.42,0.09533031378240277,1.9348717
2005-12-10,17893.127984228737,0.020629812375737255,8.320306863367887e-05,1.9052239656448364,1.1920929e-07,1.1920929e-07,0.0,8.398531,8.61,3.26,13.96,180.59,776.45,1.6412535104836448,1.9756058
2005-12-11,17891.102301957828,0.05881552900738673,0.000265307655265459,1.7278844118118286,1.1920929e-07,1.1920929e-07,0.0,8.352,8.05,2.11,13.99,182.02,714.52,1.9145909189648518,2.1079917
2005-12-12,17890.24508552298,-0.2007479993447262,1.1920928955078125e-07,1.1920928955078125e-07,1.1920929e-07,1.1920929e-07,0.0,8.352,2.535,-1.87,6.94,166.77,533.3,0.35159354788080305,2.148726
2005-12-13,17890.245347122658,-0.35802715864555235,1.1920928955078125e-07,1.1920928955078125e-07,1.1920929e-07,1.1920929e-07,0.0,8.352,-1.91,-5.15,1.33,141.16,425.55,0.08035384035876805,2.057074
2005-12-14,17890.24534712264,-0.4175838228273248,1.1920928955078125e-07,1.1920928955078125e-07,1.1920929e-07,1.1920929e-07,0.0,8.352,0.13,-4.43,4.69,167.93,440.07,0.0448101305912689,1.9246881
2005-12-15,17890.24698423559,-0.4563140909310437,1.1920928955078125e-07,1.1920928955078125e-07,1.1920929e-07,1.1920929e-07,0.0,8.352,2.32,-1.13,5.77,143.09,566.11,0.030555948164793064,1.8941375
2005-12-16,17890.197480422616,-0.4397128431490169,1.1920928955078125e-07,1.1920928955078125e-07,1.1920929e-07,1.1920929e-07,0.0,8.352,2.495,-1.6,6.59,156.45,548.2,0.03601369487268075,1.8228527
2005-12-17,17890.143048634473,-0.4707014379014813,1.1920928955078125e-07,1.1920928955078125e-07,1.1920929e-07,1.1920929e-07,0.0,8.352,-1.83,-6.68,3.02,169.9,377.98,0.026493664211903387,1.7821187
2005-12-18,17890.20906845005,-0.49430804644331494,1.1920928955078125e-07,1.1920928955078125e-07,0.14,1.1920929e-07,0.14,8.352,-3.845,-7.79,0.1,153.64,351.81,0.02095660213814742,1.7006503
2005-12-19,17893.12409619999,2.663004833044992,0.012142318440430785,1.1920928955078125e-07,8.416176e-07,14.119999,14.12,8.352,1.565,-3.71,6.84,128.45,475.4,3.067783865940376,2.2403777
2005-12-20,17892.563370764143,12.181698191543195,0.07936620905093335,1.3668713569641113,1.1920929e-07,10.45,10.45,8.352,6.91,3.86,9.96,95.14,805.35,3.420193988847931,5.1223183
2005-12-21,17891.198240138136,22.754287651128866,0.13684579045168993,0.9805242419242859,1.1920929e-07,16.47,16.47,8.352,5.69,3.78,7.6,62.82,800.54,3.859273101955517,7.4645314
2005-12-22,17890.70143093918,40.70031258481669,0.2034666647839931,0.09951657139543624,1.1920929e-07,27.29,27.29,8.352,2.92,1.03,4.81,63.96,665.6,4.7374299160565245,11.60923
2005-12-23,17890.423381891796,67.59529821647817,0.37644314940004686,0.6131777763366699,1.1920929e-07,37.06,37.06,8.352,4.53,1.71,7.35,89.92,697.02,6.441387058803568,11.914736
2005-12-24,17889.22650060314,96.12673965346013,0.6616650865065719,1.6344643831253052,1.1920929e-07,30.42,30.42,8.352,7.755,5.37,10.14,77.36,898.46,8.923497273406017,20.978083
2005-12-25,17887.880224269775,107.40530348296846,0.640425836812241,0.9393560290336609,1.1920929e-07,10.7,10.7,8.352,5.56,2.0,9.12,107.36,721.94,10.150618016481515,14.358785
2005-12-26,17887.43863558826,105.45001600729547,0.5164006532060066,0.0037268553001779114,1.1920929e-07,9.14,9.14,8.352,2.615,0.27,4.96,81.38,639.14,9.926394586910599,9.154998
2005-12-27,17887.44058008071,109.87936399496829,0.5008382489028281,1.1920928955078125e-07,1.2493133e-06,20.959997,20.96,8.352,1.56,-0.12,3.24,60.61,619.81,10.441605283188231,8.024626
2005-12-28,17887.440487274398,123.82585056560956,0.5439188903740728,1.1920928955078125e-07,0.00022275209,29.659777,29.66,8.352,1.02,-2.45,4.49,109.75,527.86,12.245070084861503,9.959497
2005-12-29,17887.749924529577,135.69870848523084,0.5547131095631034,1.1920928955078125e-07,4.586307,17.673693,22.26,8.352,-0.025,-2.72,2.67,91.84,513.12,14.0081212442999,8.7374735
2005-12-30,17887.95563249643,143.74353223167725,0.615875244140625,1.1920928955078125e-07,2.8029085e-06,31.349997,31.35,8.352,1.47,-0.47,3.41,70.71,597.89,21.856815108218463,10.489041
2005-12-31,17888.062928245778,151.53570556420024,0.5675589442253113,1.1920928955078125e-07,0.47958985,35.310413,35.79,8.358422,0.27,-1.97,2.51,80.65,541.23,29.648988440741455,12.423913
2006-01-01,17888.117985529905,146.80734583149655,0.5835382342338562,1.1920928955078125e-07,0.011942022,11.838058,11.85,8.440945,0.53,-1.53,2.59,84.47,555.47,24.92062870803776,9.745643
2006-01-02,17889.32921740171,134.08034849483926,0.5384003319535331,1.1920928955078125e-07,4.8781104,0.28188947,5.16,8.448,-0.445,-2.5,1.61,85.97,522.33,13.766954302703532,7.7293034
2006-01-03,17896.10220185132,121.08639996707836,0.4393237471834291,1.1920928955078125e-07,9.63,2.8699637e-07,9.63,8.448,-1.895,-4.46,0.67,105.86,450.5,11.867788107916837,6.3850765
2006-01-04,17904.905415950212,114.5602356591319,0.4998182182487872,1.1920928955078125e-07,0.0019251815,18.108074,18.11,8.448,0.755,-4.17,5.68,142.03,461.47,11.015162707180066,5.621311
2006-01-05,17904.63402708322,118.3407366358518,0.6960306634071842,0.8190183639526367,1.1920929e-07,12.29,12.29,8.448,5.18,2.3,8.06,109.83,720.06,11.50131421057306,5.886083
2006-01-06,17903.90338199086,127.88724952350756,0.6942937491050502,0.41208620909980453,1.1920929e-07,29.01,29.01,8.494531,3.895,2.04,5.75,81.12,719.06,12.826597662192176,10.142801
2006-01-07,17903.732639759834,138.30676688855112,0.5988543033605953,1.1920928955078125e-07,0.0028554678,20.917145,20.92,8.544,0.73,-1.82,3.28,106.71,552.4,16.42004976497641,9.440137
2006-01-08,17914.200904219713,129.50997566022315,0.5131180618429675,1.1920928955078125e-07,14.525889,0.024111217,14.55,8.544,-0.8,-3.09,1.49,96.8,497.73,13.066595731025648,7.5663667
2006-01-09,17920.608791607247,130.55768984422872,0.5800618354752295,1.1920928955078125e-07,0.0011714554,29.958828,29.96,8.544,0.855,-0.49,2.2,60.29,595.56,13.223931064576451,8.218113
2006-01-10,17920.60862465458,152.30664262531795,0.6599727869033813,1.1920928955078125e-07,1.1920929e-07,51.68,51.68,8.550425,2.14,0.54,3.74,70.67,642.72,30.41992550185916,23.727636
2006-01-11,17929.562223317214,150.77411294925386,0.5452596545219421,1.1920928955078125e-07,30.900408,0.059592202,30.96,8.64,-0.785,-2.61,1.04,82.69,516.64,28.887395825795075,19.348717
2006-01-12,17952.234602725264,131.38745849399996,0.525122322620482,1.1920928955078125e-07,16.32091,0.019090682,16.34,8.64,-0.835,-3.48,1.81,113.77,484.39,13.349880713992775,13.0349245
2006-01-13,17960.25830141247,135.55703984251903,0.5894712485398448,1.1920928955078125e-07,0.15923643,35.220764,35.38,8.64,0.38,-1.45,2.21,82.41,554.93,13.994858684446802,14.867961
2006-01-14,17974.47571139784,130.15805645225691,0.4919062098275311,1.1920928955078125e-07,13.679998,1.6307831e-06,13.68,8.728945,-1.78,-3.96,0.4,101.23,473.13,13.163695818687767,11.303724
2006-01-15,17982.30048347711,117.47483103019091,0.40042390765319386,1.1920928955078125e-07,10.81,1.1920929e-07,10.81,8.736,-3.25,-5.67,-0.83,110.35,414.71,11.388102572347721,8.910593
2006-01-16,18010.434636130223,107.7230833139236,0.45388042034523224,1.1920928955078125e-07,29.424646,13.885356,43.31,8.736,-0.235,-4.05,3.58,143.48,464.89,10.187535042033318,9.022613
2006-01-17,18032.74177584858,107.45187307102873,0.4496300561899099,1.1920928955078125e-07,20.889353,0.8506474,21.74,8.824942,-0.48,-3.06,2.1,115.86,495.97,10.156019707581658,15.275303
2006-01-18,18045.911295574824,97.52018695499636,0.3799156441112185,1.1920928955078125e-07,6.3699913,8.352995e-06,6.37,8.831997,-1.515,-3.09,0.06,80.64,498.38,9.066685161424791,10.590877
2006-01-19,18053.90304296987,88.55582143501042,0.32922086696081115,1.1920928955078125e-07,12.1,1.1920929e-07,12.1,8.831997,-2.18,-3.12,-1.24,49.98,499.58,8.184135163902699,8.472701
2006-01-20,18071.508550353687,80.42214184725259,0.3057698381999023,1.1920928955078125e-07,27.4,8.165836e-07,27.4,8.928,-2.015,-2.98,-1.05,51.22,501.52,7.457931856683488,7.932974
2006-01-21,18089.061768474912,72.98437642814488,0.2724473628617161,1.1920928955078125e-07,7.29,1.1920929e-07,7.29,8.928,-2.275,-4.69,0.14,118.65,447.29,6.850412638946853,6.660032
2006-01-22,18095.831553151358,66.12111186955589,0.275180437715952,1.1920928955078125e-07,4.304873,0.015127273,4.32,8.928,-0.725,-4.25,2.8,157.3,461.52,6.333815060054261,5.723147
2006-01-23,18097.248988176114,65.03540923954921,0.3207253303615216,1.1920928955078125e-07,2.6792287e-07,8.99,8.99,9.024003,1.58,-1.0,4.16,123.29,573.41,6.255741301568745,5.2954383
2006-01-24,18096.632670681727,63.64732367304337,0.44789373490588164,1.3652880191802979,1.1920929e-07,1.1920929e-07,0.0,9.024003,6.905,2.18,11.63,221.58,719.2,6.157323086563648,5.1121345
2006-01-25,18095.632399526494,58.11371790494533,0.3357549598604281,0.374083078703606,1.1920929e-07,1.48,1.48,9.112942,3.775,-1.08,8.63,225.12,567.28,5.780129233054139,5.275071
2006-01-26,18099.82694243209,56.27474650757731,0.22622326757135305,1.1920928955078125e-07,15.1499815,1.8060207e-05,15.15,9.119997,-1.525,-3.94,0.89,124.6,470.17,5.659964254515592,5.1223183
2006-01-27,18116.647061869946,50.59195522809351,0.1888680295042208,1.1920928955078125e-07,17.18,1.1920929e-07,17.18,9.126422,-2.585,-4.07,-1.1,80.33,463.81,5.304190660854459,4.7047935
2006-01-28,18139.742342613456,45.26041803860859,0.17970987088150217,1.1920928955078125e-07,27.749998,1.6540289e-06,27.75,9.216,-1.85,-3.32,-0.38,80.95,490.1,4.990766764705608,5.2445207
2006-01-29,18169.085159979542,40.240627757315025,0.15983462786364072,1.1920928955078125e-07,29.859999,1.7797947e-06,29.86,9.216,-1.845,-4.82,1.13,148.16,441.81,4.712616734004701,6.171222
2006-01-30,18206.70358665891,35.54459897843885,0.154290724699505,1.1920928955078125e-07,43.287888,0.15211312,43.44,9.312,-0.725,-4.26,2.81,166.26,459.54,4.46645822030405,20.774412
2006-01-31,18234.35783735464,31.08646355613363,0.1302175442535608,1.1920928955078125e-07,13.06972,0.00027967273,13.07,9.312,-1.235,-4.22,1.75,152.67,465.54,4.244677637050155,12.016571
2006-02-01,18254.059863082497,26.814899975184773,0.11356189599614697,1.1920928955078125e-07,24.809412,0.0005870801,24.81,9.408,-1.225,-2.59,0.14,79.84,512.74,4.042516552458375,9.24665
2006-02-02,18276.65204461004,22.79864474933681,0.10106878431164731,1.1920928955078125e-07,19.507038,0.32296175,19.83,9.408,-0.57,-1.47,0.33,56.73,557.72,3.8612292333119123,7.9227905
2006-02-03,18281.67840372676,31.708585894371975,0.1599147458203788,1.1920928955078125e-07,3.395051e-05,16.509966,16.51,9.504003,1.15,-2.08,4.38,167.83,534.38,4.274952630189126,7.291411
2006-02-04,18286.28761175186,41.99576231030988,0.188858054588525,1.1920928955078125e-07,22.151741,0.66825813,22.82,9.504003,-0.51,-4.62,3.6,190.63,452.23,4.808061716408453,9.694725
2006-02-05,18298.113210576957,37.262859975523135,0.13789134446137055,1.1920928955078125e-07,0.32,1.1920929e-07,0.32,9.592944,-3.41,-7.16,0.34,241.88,380.72,4.554998562975398,7.3525124
2006-02-06,18298.35107326332,32.68877558733185,0.1792592444972037,1.1920928955078125e-07,1.1920929e-07,1.1920929e-07,0.0,9.6,2.23,-2.62,7.08,270.25,508.34,4.323091356382406,6.1203046
2006-02-07,18297.632971606265,28.919979737919554,0.2172290905589296,1.3367868661880493,1.1920929e-07,1.1920929e-07,0.0,9.688945,6.815,2.7,10.93,249.39,738.96,4.140911370311011,5.366723
2006-02-08,18296.92181278026,27.75734449732841,0.153842828074114,1.1920928955078125e-07,1.1920929e-07,4.73,4.73,9.696003,2.24,-2.39,6.87,205.11,518.44,4.086275508409122,4.928831
2006-02-09,18296.922278691665,25.91778806636392,0.13315071877266133,1.1920928955078125e-07,1.1920929e-07,1.1920929e-07,0.0,9.784947,0.995,-3.01,5.0,234.02,491.16,4.001297860983046,4.541857
2006-02-10,18296.92227871736,21.892354911592097,0.11082467433211919,1.1920928955078125e-07,1.1920929e-07,1.1920929e-07,0.0,9.792003,0.77,-4.5,6.04,280.4,445.51,3.821458303990142,4.1752496
2006-02-11,18296.90448481845,18.06188468359189,0.10937851209921985,0.2107274029555395,1.1920929e-07,1.1920929e-07,0.0,9.887998,3.26,-0.87,7.39,244.18,574.97,3.6578395932343226,3.8901105
2006-02-12,18296.61010403037,14.658739221192212,0.08713958856009522,0.12148239478845468,1.1920929e-07,1.1920929e-07,0.0,9.887998,2.985,-0.88,6.85,241.58,572.89,3.5183603179144107,3.6253386
2006-02-13,18297.589354117878,12.851145079880483,0.05910458664410614,1.1920928955078125e-07,5.7962794,0.003720844,5.8,9.984,-0.895,-5.9,4.11,219.42,412.13,3.4464511611067383,3.6457055
2006-02-14,18302.59617227721,9.426056448568758,0.03204619709914464,1.1920928955078125e-07,5.2,1.1920929e-07,5.2,9.984,-5.145,-7.37,-2.92,133.31,361.92,3.3142015586093114,3.3707502
2006-02-15,18304.241190806897,6.1472401225619056,0.019186161877541196,1.1920928955078125e-07,1.1920929e-07,1.1920929e-07,0.0,10.08,-6.45,-10.85,-2.05,296.62,275.0,3.1923567640386024,3.085611
2006-02-16,18304.359065757344,2.99806738073433,0.009568490460580854,1.1920928955078125e-07,1.1920929e-07,1.1920929e-07,0.0,10.08,-6.145,-10.04,-2.25,278.98,292.46,3.079549123341554,2.912491
2006-02-17,18304.359065757344,0.03585745252705229,4.827181690029518e-05,1.1920928955078125e-07,1.1920929e-07,1.1920929e-07,0.0,10.176,-10.74,-15.67,-5.81,314.03,195.45,1.7525928417667584,2.6579027
2006-02-18,18304.359065757344,-0.32968945938984107,1.1920928955078125e-07,1.1920928955078125e-07,1.1920929e-07,1.1920929e-07,0.0,10.176,-10.275,-13.77,-6.78,264.59,219.79,0.10577324466971413,2.545884
2006-02-19,18304.41242246957,-0.4026919615439239,1.1920928955078125e-07,1.1920928955078125e-07,1.1920929e-07,1.1920929e-07,0.0,10.272,-5.985,-10.66,-1.31,310.74,274.23,0.05188845891270064,2.545884
2006-02-20,18310.236501666837,-0.444818022783249,1.1920928955078125e-07,1.1920928955078125e-07,11.64,1.1920929e-07,11.64,10.278422,-4.785,-7.94,-1.63,179.11,335.84,0.034240005027959874,2.6579027
2006-02-21,18321.540071039584,-0.4745322959245217,1.1920928955078125e-07,1.1920928955078125e-07,12.22,1.1920929e-07,12.22,10.367997,-2.755,-5.08,-0.43,152.78,426.5,0.02550538842283037,2.6375356
2006-02-22,18337.429667088156,-0.4973197704463877,1.1920928955078125e-07,1.1920928955078125e-07,19.77,1.1920929e-07,19.77,10.464,-2.36,-3.91,-0.81,107.58,467.93,0.02033843047912673,2.780105
2006-02-23,18361.7769622823,-0.5160156337907376,1.1920928955078125e-07,1.1920928955078125e-07,34.5,1.1920929e-07,34.5,10.464,-3.415,-5.65,-1.18,156.21,425.63,0.016886470896286646,3.2281806
2006-02-24,18382.265781534916,-0.531718962831557,1.1920928955078125e-07,1.1920928955078125e-07,6.01,1.1920929e-07,6.01,10.560002,-4.915,-9.6,-0.23,312.35,306.65,0.014441845610712652,2.6884532
2006-02-25,18386.273920949407,-0.545209338545976,1.1920928955078125e-07,1.1920928955078125e-07,1.1920929e-07,1.1920929e-07,0.0,10.560002,-2.96,-8.06,2.14,360.62,338.97,0.012625119442819847,2.4033144
2006-02-26,18387.126005260227,1.2361920884031763,0.007697637287216208,1.1920928955078125e-07,1.1920929e-07,7.38,7.38,10.655997,2.565,-0.6,5.73,199.96,583.99,3.0181715565105356,2.4338648
2006-02-27,18386.985851581732,7.5340619597356415,0.04742478783345226,0.03275949336751349,1.1920929e-07,11.14,11.14,10.655997,2.725,1.0,4.45,117.33,657.08,3.243336343875309,4.012313
2006-02-28,18393.648159574564,14.06733009856748,0.06926258811513182,1.1920928955078125e-07,22.243896,0.006103188,22.25,10.752,-0.98,-3.65,1.69,181.41,476.54,3.494669427365525,4.338186
2006-03-01,18403.613446192034,12.17300479747238,0.06634385395302612,1.1920928955078125e-07,1.1920929e-07,1.1920929e-07,0.0,10.848,0.355,-2.53,3.24,256.61,514.23,3.4198543339558154,3.482769
2006-03-02,18405.699918355655,11.519473087835845,0.06022835376773565,1.1920928955078125e-07,6.524229,2.7857716,9.31,10.848,-0.245,-4.01,3.52,238.66,473.39,3.3944168940193418,3.2994654
2006-03-03,18409.67703149006,9.986611719827998,0.05298749919919489,1.1920928955078125e-07,1.5357658,1.5342342,3.07,10.9439945,-0.16,-3.67,3.35,248.97,471.34,3.335493144041487,2.9735923
2006-03-04,18410.24492109322,9.379311397367932,0.051410382297756976,1.1920928955078125e-07,0.03293116,3.617069,3.65,10.9439945,0.31,-3.95,4.57,275.4,465.98,3.3124321915582544,2.8106556
2006-03-05,18410.248949128498,10.052231202850548,0.06050305927191756,1.1920928955078125e-07,2.6583672e-07,4.4599996,4.46,11.04,1.545,-2.05,5.14,231.0,533.34,3.3379944970270286,2.6579027
2006-03-06,18410.24889448997,11.399655593996354,0.06602435224277098,1.1920928955078125e-07,6.01545e-05,5.10994,5.11,11.046422,0.975,-2.05,4.0,218.93,542.78,3.389773799245595,2.627352
2006-03-07,18414.317544086138,11.376977276501869,0.0575324169459653,1.1920928955078125e-07,11.189075,0.0009244287,11.19,11.136003,-1.1,-4.31,2.11,215.63,463.24,3.3888956979325586,2.606985
2006-03-08,18430.79494954738,8.007332606623402,0.03483031485053621,1.1920928955078125e-07,21.77,1.1920929e-07,21.77,11.2319975,-3.355,-6.68,-0.03,231.51,390.04,3.2609194445131173,2.6782696
2006-03-09,18456.130486559447,4.780086821359452,0.01833550930192391,1.1920928955078125e-07,27.02,1.1920929e-07,27.02,11.2319975,-5.105,-7.68,-2.53,197.09,357.19,3.1428846019198056,2.6375356
2006-03-10,18475.49712524492,1.680349239503011,0.006458347690661465,1.1920928955078125e-07,11.19,1.1920929e-07,11.19,11.328,-5.195,-8.35,-2.04,235.97,339.41,3.033537698809449,2.4338648
2006-03-11,18484.07792975004,-0.23871696206743107,1.1920928955078125e-07,1.1920928955078125e-07,5.98,1.1920929e-07,5.98,11.328,-3.505,-6.85,-0.16,250.15,376.89,0.24975542684347102,2.3320296
2006-03-12,18486.89503345825,-0.3674452016258569,1.1920928955078125e-07,1.1920928955078125e-07,1.1920929e-07,1.1920929e-07,0.0,11.424,-3.39,-7.43,0.65,378.24,357.19,0.07330228302088422,2.2403777
2006-03-13,18486.571632325726,-0.42292252098561045,1.1920928955078125e-07,1.1920928955078125e-07,0.07,1.1920929e-07,0.07,11.520002,-2.755,-7.05,1.54,392.88,373.98,0.042511436653011166,2.1589096
2006-03-14,18487.125501041017,-0.4587304447378565,1.1920928955078125e-07,1.1920928955078125e-07,1.3997892,0.00021078586,1.4,11.520002,-1.04,-4.35,2.27,310.16,452.49,0.029832985412380233,2.1181753
2006-03-15,18490.999475211844,-0.4845644834240121,1.1920928955078125e-07,1.1920928955078125e-07,6.209829,0.00017082185,6.21,11.615997,-1.21,-3.8,1.38,220.61,473.07,0.023087149283571938,2.057074
2006-03-16,18495.575705176267,0.9666625284381938,0.005544394646077514,1.1920928955078125e-07,0.4907554,6.9392443,7.43,11.615997,0.105,-2.37,2.58,222.88,520.82,3.0087147869891204,2.0265236
2006-03-17,18501.664005304472,0.13318934479976555,0.000558859862775662,1.1920928955078125e-07,9.119494,0.00050499913,9.12,11.711994,-1.14,-3.34,1.06,185.26,487.15,2.3579478285658713,2.0061564
2006-03-18,18513.019293118854,-0.32431689226184834,1.1920928955078125e-07,1.1920928955078125e-07,12.699959,4.0876865e-05,12.7,11.808002,-1.425,-4.7,1.85,266.45,447.39,0.11139888761005357,2.036707
2006-03-19,18522.550796893254,-0.4000530214465321,1.1920928955078125e-07,1.1920928955078125e-07,5.95,1.1920929e-07,5.95,11.808002,-2.305,-7.22,2.61,358.43,366.97,0.053252653753637934,1.9246881
2006-03-20,18525.08828949858,-0.23908450725217134,1.1920928955078125e-07,1.1920928955078125e-07,1.1920929e-07,1.1920929e-07,0.0,11.903997,0.7,-3.24,4.64,363.96,482.29,0.24891495405749076,1.8737705
2006-03-21,18525.095531117815,-0.0056771188819464205,1.1920928955078125e-07,1.1920928955078125e-07,0.017159553,1.7928404,1.81,11.903997,0.305,-3.26,3.87,368.75,489.19,1.44561196730588,1.8330363
2006-03-22,18525.097353723664,-0.05229186019477109,1.1920928955078125e-07,1.1920928955078125e-07,1.1920929e-07,1.1,1.1,12.000006,1.625,-0.58,3.83,248.98,592.81,1.1068645824404741,1.8330363
2006-03-23,18524.833031898517,0.1937275650715824,0.0013507888940174173,0.5609257817268372,1.1920929e-07,2.47,2.47,12.096,4.365,1.19,7.54,310.98,670.0,2.606821191392535,1.9145046
2006-03-24,18524.604362043785,1.6308439199026366,0.011052194913647131,1.1920928955078125e-07,1.1920929e-07,5.47,5.47,12.096,1.945,-2.58,6.47,329.21,525.43,3.031822467971166,2.3014789
2006-03-25,18525.65875006967,2.4877272832624646,0.014089239436047037,1.1920928955078125e-07,4.420578,0.009421781,4.43,12.192,-0.775,-5.0,3.45,325.12,430.89,3.0616471552221736,2.1385424
2006-03-26,18529.77700948673,-0.13843261824904807,1.1920928955078125e-07,1.1920928955078125e-07,3.839996,3.890991e-06,3.84,12.192,-1.54,-5.18,2.1,315.75,432.06,0.5951677670255621,1.9857893
2006-03-27,18531.72326016915,0.47233912240519926,0.0030811705692522268,1.1920928955078125e-07,2.1243095e-06,3.959998,3.96,12.288,1.285,-2.43,5.0,307.01,517.37,2.965612077462177,1.9246881
2006-03-28,18531.650371657397,2.6199526061576384,0.019884158038590286,0.2139161066266908,1.1920929e-07,6.12,6.12,12.383997,3.27,-0.49,7.03,290.31,596.12,3.066275408993796,2.1283588
2006-03-29,18531.573164440517,5.2455970511646255,0.03694447128386734,1.1920928955078125e-07,1.1920929e-07,5.21,5.21,12.383997,2.165,-0.05,4.38,192.14,610.01,3.1596429921714693,2.2403777
2006-03-30,18531.57338455414,7.001505573508098,0.04532853888658356,1.1920928955078125e-07,0.00026969076,4.8597302,4.86,12.48,0.82,-2.15,3.79,268.76,532.49,3.223663983193729,2.2200108
2006-03-31,18531.57083200602,9.338402702186505,0.06858882920097514,0.016473944456938394,1.1920929e-07,6.89,6.89,12.48,2.67,-0.61,5.95,279.3,592.17,3.3108845140194916,2.281112
2006-04-01,18531.571264468952,16.48444471224216,0.10614622859371801,1.1920928955078125e-07,0.0052567767,14.164743,14.17,12.575997,0.63,-2.59,3.85,268.96,520.37,3.592513068036081,2.6680863
2006-04-02,18531.574399374247,21.1630449345189,0.1409959758628518,1.1920928955078125e-07,1.824349e-05,2.3099818,2.31,12.672003,1.015,-2.65,4.68,353.24,515.65,3.789751485002704,2.454232
2006-04-03,18531.55719085104,19.03147506176674,0.1447423154480393,0.11309127373114203,1.1920929e-07,1.95,1.95,12.672003,2.96,-1.17,7.09,396.93,570.47,3.6985813514434382,2.545884
2006-04-04,18531.519627286925,19.4812107709639,0.13874282245802438,1.1920928955078125e-07,1.1920929e-07,6.13,6.13,12.768,1.88,-3.11,6.87,365.09,500.21,3.717632800637571,2.759738
2006-04-05,18531.374936511515,18.786320053567447,0.15335097938419878,0.4136696820175345,1.1920929e-07,1.1920929e-07,0.0,12.768,3.9,-0.49,8.29,439.19,589.36,3.6882373811221125,2.6680863
2006-04-06,18531.204970369086,15.213526686447704,0.11126331411000741,1.1920928955078125e-07,1.1920929e-07,1.1920929e-07,0.0,12.863997,2.16,-3.2,7.52,502.14,493.46,3.5407301783193383,2.6375356
2006-04-07,18530.972050969274,11.864508151590133,0.10021412916674326,0.5070905676972117,1.1920929e-07,1.1920929e-07,0.0,12.953581,4.195,-0.84,9.23,471.79,578.5,3.407823040315759,2.5662508
2006-04-08,18530.510904447532,15.907692961774854,0.12983308203413707,0.34241108672148,1.1920929e-07,13.31,13.31,12.960006,3.675,-0.66,8.01,323.91,590.55,3.568920422047331,3.2790983
2006-04-09,18530.390387800646,22.60007365437795,0.1646977687165187,1.1920928955078125e-07,1.1920929e-07,7.58,7.58,13.056003,1.89,-1.68,5.46,304.51,554.44,3.8524800312148186,3.5438702
2006-04-10,18530.393254810053,23.256982904545698,0.17012102404894697,1.1920928955078125e-07,1.1920929e-07,1.92,1.92,13.056003,1.945,-1.21,5.1,329.68,574.25,3.8814999183498817,3.217997
2006-04-11,18530.395475402584,21.310851021148842,0.1614144007032586,1.1920928955078125e-07,1.1920929e-07,3.61,3.61,13.152002,2.35,-2.33,7.03,359.6,526.56,3.7961560420410536,3.0041428
2006-04-12,18530.391790564096,22.63171195225662,0.17535426122822811,0.020627133830569133,1.1920929e-07,6.97,6.97,13.152002,2.685,0.19,5.18,217.18,620.54,3.853872711180367,3.1467123
2006-04-13,18530.390929852212,26.7713121142655,0.18800894773290336,1.1920928955078125e-07,2.269745e-05,9.519978,9.52,13.248003,1.135,-1.95,4.22,284.29,549.72,4.0405040863589905,3.2587311
2006-04-14,18531.239171289293,35.244462457488055,0.2281692805481646,1.1920928955078125e-07,8.302961,9.167038,17.47,13.343994,-0.15,-2.66,2.36,244.79,521.68,4.451169993433929,4.6844263
2006-04-15,18544.073002390513,31.49152701813626,0.1800299386526288,1.1920928955078125e-07,9.23,2.7507542e-07,9.23,13.343994,-1.93,-4.71,0.85,264.34,445.89,4.264365217428836,4.266901
2006-04-16,18552.226114213026,27.155665452331547,0.16883114324148535,1.1920928955078125e-07,6.512382,0.00761758,6.52,13.440002,-0.835,-5.63,3.96,371.52,417.99,4.058284397404541,3.6457055
2006-04-17,18557.074556558815,23.049375072508187,0.14587030458005598,1.1920928955078125e-07,3.2217362,0.0482637,3.27,13.440002,-0.58,-4.28,3.12,325.39,459.42,3.872305002941581,3.2892818
2006-04-18,18559.053446200793,22.01070150506936,0.15171155484285748,1.1920928955078125e-07,0.005553974,6.724446,6.73,13.536,0.55,-5.34,6.44,410.48,423.8,3.8266283908051477,3.0346935
2006-04-19,18558.834149308095,21.599343809756228,0.2022728116556101,0.7889339923858643,1.1920929e-07,1.1920929e-07,0.0,13.536,5.085,-0.09,10.26,495.81,607.36,3.8086878638487507,2.9226747
2006-04-20,18557.645060082028,18.536914529241965,0.19494502174338685,1.3130360841751099,1.1920929e-07,1.1920929e-07,0.0,13.631997,6.74,1.04,12.44,520.68,661.89,3.6777437518922516,3.065244
2006-04-21,18556.93536366201,17.492551974411818,0.1414526527205158,0.022065266716839282,1.1920929e-07,3.8,3.8,13.721575,2.69,-2.54,7.92,381.39,525.98,3.634125935376915,3.5947878
2006-04-22,18556.93326652478,15.667904424213015,0.10948708635202924,1.1920928955078125e-07,1.1920929e-07,1.1920929e-07,0.0,13.728,0.545,-4.63,5.72,510.06,440.96,3.5591572732055132,3.2892818
2006-04-23,18556.633132277315,12.359367634291672,0.12441505424589558,1.0343594551086426,1.1920929e-07,1.1920929e-07,0.0,13.824003,5.86,0.01,11.71,509.05,611.92,3.427143009971136,3.0957947
2006-04-24,18555.12062770606,10.361114719389812,0.12267255969753509,1.822887897491455,1.1920929e-07,1.1920929e-07,0.0,13.824003,8.35,3.44,13.26,442.42,780.9,3.349794066310411,3.177263
2006-04-25,18553.39319195619,8.659442372595034,0.0976486311238683,1.5505446195602417,1.1920929e-07,1.1920929e-07,0.0,13.919997,7.49,3.18,11.8,411.88,770.06,3.285303099187199,3.2281806
2006-04-26,18552.1617021272,6.56177781650405,0.06499492759898963,0.9235222339630127,1.1920929e-07,1.1920929e-07,0.0,13.919997,5.51,1.25,9.77,429.14,673.11,3.2075106330588086,3.2892818
2006-04-27,18551.201264166175,4.302820311808029,0.04507101744613359,1.1594473123550415,1.1920929e-07,1.1920929e-07,0.0,14.016,6.255,0.55,11.96,523.11,647.45,3.1257952609939776,3.0957947
2006-04-28,18549.205515020618,3.1500819140764125,0.045172846862941624,2.7064194679260254,1.1920929e-07,1.1920929e-07,0.0,14.016,11.14,5.76,16.52,474.58,918.16,3.0849017719909746,3.4929526
2006-04-29,18546.95207380062,8.234006479899948,0.09446866286093182,1.5679620504379272,1.1920929e-07,12.42,12.42,14.111995,7.545,0.5,14.59,414.7,645.83,3.2693746331313323,4.37892
2006-04-30,18546.355590873973,16.94176924034625,0.13155169190030688,1.1920928955078125e-07,2.8014182e-07,9.4,9.4,14.111995,1.68,-3.48,6.84,388.94,483.85,3.611331228286969,4.297452
2006-05-01,18546.35553848884,17.261068851025797,0.12996020228318014,1.1920928955078125e-07,1.1920929e-07,1.1920929e-07,0.0,14.208003,1.13,-2.37,4.63,360.18,520.68,3.624528293791367,3.8697433
2006-05-02,18546.35953636944,13.594233087214423,0.10408437183834583,1.1920928955078125e-07,1.1920929e-07,1.1920929e-07,0.0,14.208003,1.375,-3.04,5.79,435.95,494.56,3.475832825551704,3.3401995
2006-05-03,18546.18041436435,10.264607823837348,0.0999416712347315,0.7113479375839233,1.1920929e-07,1.1920929e-07,0.0,14.304003,4.84,0.16,9.52,428.51,618.65,3.346102961258582,3.1263454
2006-05-04,18544.74989096837,8.288034202617924,0.1081143266767359,2.130065441131592,1.1920929e-07,1.1920929e-07,0.0,14.311055,9.32,4.4,14.24,429.64,831.78,3.271393160851778,3.0754275
2006-05-05,18542.5037276369,7.179322981599213,0.09167281744816143,1.993894100189209,1.1920929e-07,1.1920929e-07,0.0,14.4,8.89,2.71,15.07,503.68,744.61,3.23021916229563,3.2281806
2006-05-06,18541.325612925004,5.091899526132184,0.046696726033508856,0.3930848997901961,1.1920929e-07,1.1920929e-07,0.0,14.407056,3.835,-0.87,8.54,431.38,587.44,3.1541000161322144,3.5540538
2006-05-07,18541.241765756502,5.3367719824262485,0.0419754095430968,1.1920928955078125e-07,6.7055225e-07,7.499999,7.5,14.496,1.475,-0.93,3.88,201.86,588.46,3.1629357439253964,3.5031362
2006-05-08,18541.243132730295,10.929807356799218,0.08070579822274045,1.1920928955078125e-07,0.0071044583,9.042896,9.05,14.496,0.555,-3.46,4.57,338.19,494.03,3.371627727464663,3.6049714
2006-05-09,18541.245719008377,11.70916595281586,0.09485077844634754,1.1920928955078125e-07,1.1920929e-07,1.1920929e-07,0.0,14.592003,1.81,-3.58,7.2,517.3,477.81,3.401780764905749,3.177263
2006-05-10,18540.548790808225,8.964690604946032,0.10617772309230084,1.5600448846817017,1.1920929e-07,1.1920929e-07,0.0,14.592003,7.52,1.94,13.1,495.67,702.27,3.2967794914258444,2.912491
2006-05-11,18539.02632819326,7.12871836738377,0.07967519931486497,1.246533751487732,1.1920929e-07,1.1920929e-07,0.0,14.688,6.53,0.76,12.3,516.53,654.15,3.2283522844042642,3.2078135
2006-05-12,18538.42547303957,4.487278447289628,0.03846241967007187,1.1920928955078125e-07,1.1920929e-07,1.1920929e-07,0.0,14.688,2.545,-2.84,7.93,506.39,512.82,3.1323890544867194,3.3401995
2006-05-13,18538.39154190332,1.4191621680617719,0.013217287330414306,0.3439948305813445,1.1920929e-07,1.1920929e-07,0.0,14.784,3.68,-1.35,8.71,474.92,557.4,3.024497768481873,2.8819404
2006-05-14,18537.01690999391,0.10089748324250403,0.0010555342708207776,2.416659116744995,1.1920929e-07,1.1920929e-07,0.0,14.784,10.225,4.39,16.06,477.19,830.53,2.1832835328248934,3.044877
2006-05-15,18533.513234707258,0.8439629134138252,0.018306680646096776,4.532068252563477,1.1920929e-07,1.1920929e-07,0.0,14.873578,16.905,10.63,23.18,470.78,1290.53,3.0040414642378694,6.089754
2006-05-16,18528.799450222716,2.486639430020962,0.05515187286703176,4.646071910858154,1.1920929e-07,1.1920929e-07,0.0,14.88,17.265,12.12,22.41,416.13,1410.97,3.061609106323599,10.896382
2006-05-17,18523.98571829693,4.134843908053129,0.09710335358793933,4.946916580200195,1.1920929e-07,1.1920929e-07,0.0,14.887058,18.215,12.12,24.31,468.63,1410.99,3.1198027131595425,13.645937
2006-05-18,18519.227633845017,5.627232616360069,0.11964419282437885,4.389563083648682,1.1920929e-07,1.1920929e-07,0.0,14.975997,16.455,10.76,22.15,451.39,1301.0,3.1734485275966042,14.053279
2006-05-19,18515.37235272963,8.019917671880584,0.13863702900194955,3.317607879638672,1.1920929e-07,4.12,4.12,14.975997,13.07,6.33,19.81,397.32,976.26,3.2613883076578416,12.322078
2006-05-20,18512.554601295815,12.338422559512598,0.17685231698366136,2.340656280517578,1.1920929e-07,5.74,5.74,15.071998,9.985,5.6,14.37,308.49,930.84,3.426323071018258,11.914736
2006-05-21,18510.224188767526,16.74934449602122,0.24168406394018133,2.3739075660705566,1.1920929e-07,6.06,6.06,15.071998,10.09,5.36,14.82,335.93,895.45,3.6034012807277596,9.76601
2006-05-22,18508.2608148887,23.981937782796667,0.2954872776525331,1.5948796272277832,1.1920929e-07,13.0,13.0,15.071998,7.63,4.41,10.85,252.18,858.25,3.9137796210343576,9.755827
2006-05-23,18506.73302423781,36.083302410704476,0.4356595916496978,1.4650413990020752,1.1920929e-07,16.46,16.46,15.168,7.22,3.94,10.5,261.46,818.61,4.4940302918874195,9.297567
2006-05-24,18505.368586673318,46.44203097328887,0.5353277736130144,1.2402002811431885,1.1920929e-07,12.13,12.13,15.168,6.51,3.16,9.86,269.47,790.37,5.0585927895958305,8.645822
2006-05-25,18504.531550113123,54.934771974293184,0.5365451151298152,0.4453379935384749,1.1920929e-07,14.95,14.95,15.175058,4.0,1.15,6.85,233.94,685.83,5.573981820165767,7.2608604
2006-05-26,18504.11462914983,64.28007249148317,0.625399906722068,0.3994187195585397,1.1920929e-07,16.01,16.01,15.263997,3.855,0.55,7.16,272.06,654.47,6.201992805759228,6.3647094
2006-05-27,18503.86217232409,80.9785794507399,0.7453625313904025,0.1364222981605412,1.1920929e-07,33.31,33.31,15.263997,3.03,0.61,5.45,211.78,657.7,7.505491139856319,8.421783
2006-05-28,18503.624132207275,107.86131266375763,1.042189107662133,0.364581778624526,1.1920929e-07,35.56,35.56,15.271052,3.745,2.01,5.48,156.47,720.76,10.203635256634964,18.228527
2006-05-29,18503.307912408112,113.11081825279349,1.1126130988626477,0.4215867933958819,1.1920929e-07,1.1920929e-07,0.0,15.359997,3.925,1.15,6.7,333.55,684.28,10.834273306707663,13.136761
2006-05-30,18502.228245642997,102.78810895902929,1.3387447329279465,1.773802638053894,1.1920929e-07,1.1920929e-07,0.0,15.359997,8.195,1.95,14.44,550.76,707.15,9.629079392251839,8.941144
2006-05-31,18499.788973811384,94.58438490702812,1.6015430045541197,3.083266258239746,1.1920929e-07,1.1920929e-07,0.0,15.359997,12.33,7.46,17.2,442.19,1039.78,8.767643182190488,8.106094
2006-06-01,18496.67247046141,93.03934322603524,1.5090813436715937,2.8362574577331543,1.1920929e-07,12.74,12.74,15.449575,11.55,7.71,15.39,296.0,1067.14,8.61424674998576,10.590877
2006-06-02,18494.307534774744,102.32927594692487,1.3836698510782661,1.9273916482925415,1.1920929e-07,20.91,20.91,15.456,8.68,4.67,12.69,322.86,882.69,9.578738485963688,18.126692
2006-06-03,18492.531695129393,107.2644519763884,1.3922208096125164,1.7263010740280151,1.1920929e-07,7.03,7.03,15.456,8.045,2.67,13.42,384.63,759.72,10.13429787376337,13.238596
2006-06-04,18490.631120703452,111.61420137336819,1.552446823947006,2.066729784011841,1.1920929e-07,20.65,20.65,15.456,9.12,5.63,12.61,276.68,933.32,10.650610000888536,15.682644
2006-06-05,18488.71091744616,110.95374305905524,1.4568997832349853,1.7674691677093506,1.1920929e-07,1.1920929e-07,0.0,15.505464,8.175,5.19,11.16,344.07,909.04,10.570552530915872,13.238596
2006-06-06,18486.76400849933,101.46918618868587,1.4296860089066779,2.0999813079833984,1.1920929e-07,1.1920929e-07,0.0,15.552,9.225,5.21,13.24,432.13,903.38,9.48508163491096,9.725276
2006-06-07,18484.8110986294,93.00724048909335,1.2127080256978013,1.7183841466903687,1.1920929e-07,1.1920929e-07,0.0,15.552,8.02,2.27,13.77,531.96,751.29,8.611088117724531,8.177379
2006-06-08,18483.487947165788,87.18541556994045,0.9667389874571598,0.9330224990844727,1.1920929e-07,4.53,4.53,15.552,5.54,1.73,9.35,332.18,719.69,8.057005701731484,7.05719
2006-06-09,18482.775020957102,83.88320934241935,0.8698686199021058,0.6131777763366699,1.1920929e-07,4.42,4.42,15.552,4.53,3.06,6.0,136.12,776.91,7.758720864523123,6.7415004
2006-06-10,18481.904596829085,78.89079868293994,0.9361676158464465,1.257617473602295,1.1920929e-07,0.84,0.84,15.559052,6.565,3.49,9.64,357.27,801.24,7.32859657623456,6.4970956
2006-06-11,18479.94928714763,73.1376900556527,1.1448901604099937,2.5955822467803955,1.1920929e-07,0.97,0.97,15.641572,10.79,6.4,15.18,422.01,960.84,6.8624213724082574,6.5785637
2006-06-12,18477.227472439754,73.17986589001362,1.1616796688847115,2.663667917251587,1.1920929e-07,9.91,9.91,15.647997,11.005,5.57,16.44,391.66,933.36,6.865728607198247,8.4116
2006-06-13,18474.8181774312,79.0912881807031,1.1277388220164681,2.128481864929199,1.1920929e-07,12.23,12.23,15.647997,9.315,6.28,12.35,263.5,975.3,7.345401216713568,8.7680235
2006-06-14,18473.05654583619,81.57209119122082,1.007150398538322,1.4222900867462158,1.1920929e-07,6.38,6.38,15.647997,7.085,4.39,9.78,252.42,865.95,7.556553504084166,9.236466
2006-06-15,18471.720465116243,79.78077969259844,0.9675171326953742,1.3352035284042358,1.1920929e-07,4.73,4.73,15.647997,6.81,4.54,9.08,221.13,870.42,7.403487731893021,8.3912325
2006-06-16,18470.25772776811,77.68573677653096,0.9834967060273807,1.5442109107971191,1.1920929e-07,4.75,4.75,15.647997,7.47,4.48,10.46,282.71,873.35,7.228397540142165,8.431967
2006-06-17,18468.945021240444,75.73070600214918,0.872920043620752,1.0897780656814575,1.1920929e-07,4.88,4.88,15.647997,6.035,1.95,10.12,369.18,731.61,7.068745618776261,7.6376514
2006-06-18,18467.90478161233,71.42198830901917,0.8095523166645336,1.0090253353118896,1.1920929e-07,1.1920929e-07,0.0,15.647997,5.78,1.59,9.97,482.85,702.01,6.729225942213903,6.262874
2006-06-19,18466.89400205621,65.1821874025339,0.7393125274193262,1.0121920108795166,1.1920929e-07,1.1920929e-07,0.0,15.647997,5.79,1.35,10.23,512.65,702.58,6.266239716303365,5.499109
2006-06-20,18465.860369749145,59.44313918148192,0.6744409158865448,1.0137754678726196,1.1920929e-07,1.1920929e-07,0.0,15.647997,5.795,1.78,9.81,485.95,721.23,5.868584067103889,5.1528687
2006-06-21,18464.635431144903,54.29310646041957,0.6620877860235783,1.3621211051940918,1.1920929e-07,1.1920929e-07,0.0,15.647997,6.895,3.41,10.38,437.66,801.58,5.533271663335915,5.061217
2006-06-22,18463.14241641183,49.74314723312398,0.6400447523168784,1.623380422592163,1.1920929e-07,1.1920929e-07,0.0,15.647997,7.72,2.94,12.5,518.92,768.0,5.25300550992612,4.9593816
2006-06-23,18461.228218362798,45.87318497012767,0.6746581726292867,2.2820708751678467,1.1920929e-07,1.1920929e-07,0.0,15.647997,9.8,4.53,15.07,519.66,849.7,5.025826037513988,5.1426854
2006-06-24,18458.31612581534,43.10165756574307,0.8247923659941164,3.6137020587921143,1.1920929e-07,1.1920929e-07,0.0,15.647997,14.005,8.4,19.61,507.75,1111.68,4.869191047152923,5.7435136
2006-06-25,18453.849344805014,41.78401707268883,1.0988577336990697,5.28576135635376,1.1920929e-07,1.1920929e-07,0.0,15.647997,19.285,14.73,23.84,422.93,1675.51,4.796445148142668,7.0164557
2006-06-26,18448.066284176773,41.577161657952736,1.2502355695342113,6.012537479400635,1.1920929e-07,1.1920929e-07,0.0,15.647997,21.58,16.62,26.54,428.07,1887.48,4.785123942864059,8.024626
2006-06-27,18442.450562461006,41.25224584942031,1.0480205390588664,5.100505352020264,1.1920929e-07,1.1920929e-07,0.0,15.647997,18.7,11.62,25.78,547.38,1377.24,4.767395213970545,9.195732
2006-06-28,18438.037866065722,40.01514958631431,0.7905682751803296,3.778374433517456,1.1920929e-07,1.1920929e-07,0.0,15.647997,14.525,7.52,21.53,545.59,1043.83,4.700493269779904,7.9227905
2006-06-29,18434.346600470017,38.29243664582392,0.7590858277222648,3.7957918643951416,1.1920929e-07,1.1920929e-07,0.0,15.647997,14.58,9.01,20.15,482.52,1160.54,4.608890381896164,6.354526
2006-06-30,18430.189179711422,37.075217273693376,0.8391736473817916,4.487733364105225,1.1920929e-07,1.1920929e-07,0.0,15.647997,16.765,11.31,22.22,467.8,1345.02,4.54524476279579,6.374893
2006-07-01,18425.538741719796,36.34364763263574,0.8695010322125687,4.780660629272461,1.1920929e-07,1.1920929e-07,0.0,15.647997,17.69,12.32,23.06,452.46,1425.21,4.50741629551331,6.8026013
2006-07-02,18420.741010253598,35.783924747148546,0.8591859605491068,4.815495014190674,1.1920929e-07,1.1920929e-07,0.0,15.601469,17.8,12.44,23.16,454.62,1437.11,4.4786865151574835,6.863703
2006-07-03,18415.86105752319,35.33544867042077,0.8558690429288979,4.878830909729004,1.1920929e-07,1.1920929e-07,0.0,15.552,18.0,12.89,23.11,440.78,1477.73,4.455799074987569,7.6987524
2006-07-04,18411.158295819303,34.773935670078885,0.7719643086805429,4.418064117431641,1.1920929e-07,1.1920929e-07,0.0,15.552,16.545,10.9,22.19,503.83,1312.61,4.427307756359755,8.90041
2006-07-05,18407.282361058824,33.56252242365213,0.592483899587305,3.232105016708374,1.1920929e-07,1.1920929e-07,0.0,15.552,12.8,7.2,18.4,507.29,1029.44,4.366459283753245,8.3912325
2006-07-06,18405.20813875499,30.869878163512958,0.3560916986854358,1.1230292320251465,1.1920929e-07,1.1920929e-07,0.0,15.552,6.14,3.32,8.96,330.93,802.32,4.234188106845614,6.853519
2006-07-07,18403.699980478432,27.855351764350615,0.4005887986030115,2.2013180255889893,1.1920929e-07,1.1920929e-07,0.0,15.552,9.545,3.83,15.26,524.34,818.19,4.090853219777032,5.5703936
2006-07-08,18400.571829096836,26.463815701624792,0.539558610732436,4.003215789794922,1.1920929e-07,1.1920929e-07,0.0,15.463053,15.235,9.71,20.76,469.68,1216.67,4.0263353096687275,5.692596
2006-07-09,18396.229217274464,26.215055992753022,0.5697127768069786,4.338894844055176,1.1920929e-07,1.1920929e-07,0.0,15.456,16.295,10.11,22.48,506.17,1250.98,4.01490935854118,6.700766
2006-07-10,18392.595584302984,25.355049507876636,0.4243848165048275,2.9930131435394287,1.1920929e-07,1.1920929e-07,0.0,15.456,12.045,5.91,18.18,517.01,955.21,3.9756570561119577,6.7313166
2006-07-11,18389.682592679725,23.91875695117717,0.386659672498978,2.8172566890716553,1.1920929e-07,1.1920929e-07,0.0,15.456,11.49,6.25,16.73,473.03,953.44,3.9109557535270034,5.1121345
2006-07-12,18387.222917603707,22.157382362336893,0.31295237268294657,2.171233654022217,1.1920929e-07,1.1920929e-07,0.0,15.367059,9.45,5.05,13.85,431.53,894.71,3.833045995821133,5.723147
2006-07-13,18385.04697609159,20.24316847258483,0.29504135727345265,2.3295726776123047,1.1920929e-07,1.1920929e-07,0.0,15.359997,9.95,6.28,13.62,383.67,982.37,3.7501346628696304,5.8147984
2006-07-14,18382.26035765224,18.996993475164146,0.3278356085385046,3.1798532009124756,1.1920929e-07,1.1920929e-07,0.0,15.359997,12.635,7.55,17.72,466.13,1062.73,3.697124698084633,6.4054437
2006-07-15,18379.17683709907,18.087530973190937,0.2998920185383661,2.978762626647949,1.1920929e-07,1.1920929e-07,0.0,15.353575,12.0,6.3,17.7,491.0,983.99,3.6589114386492114,5.651862
2006-07-16,18376.024335089773,17.296833970243892,0.2995026602220232,3.228938102722168,1.1920929e-07,1.1920929e-07,0.0,15.263997,12.79,6.52,19.06,504.49,973.42,3.6260095126422183,5.21397
2006-07-17,18372.983056957615,16.446439581786656,0.2635540478350454,2.8362574577331543,1.1920929e-07,1.1920929e-07,0.0,15.263997,11.55,5.16,17.94,507.99,895.79,3.5909536389074828,5.275071
2006-07-18,18370.390747777357,15.228793541632884,0.22216637637083653,2.3675739765167236,1.1920929e-07,1.1920929e-07,0.0,15.257575,10.07,5.42,14.72,418.99,911.98,3.541347767423539,4.755711
2006-07-19,18367.90037472338,13.987499226196533,0.21968175389850253,2.7665882110595703,1.1920929e-07,1.1920929e-07,0.0,15.168,11.33,5.64,17.02,472.49,917.14,3.491483775683965,4.5927744
2006-07-20,18364.668875753854,13.50508827091863,0.26053912234443116,3.816375970840454,1.1920929e-07,1.1920929e-07,0.0,15.168,14.645,9.5,19.79,411.82,1199.99,3.472294863372792,5.1528687
2006-07-21,18359.79152279683,14.565317392059134,0.41729823263323174,5.920701503753662,1.1920929e-07,1.1920929e-07,0.0,15.161578,21.29,15.23,27.35,433.34,1731.9,3.514607337627997,7.1081076
2006-07-22,18353.33804283026,16.961286272406483,0.5605063155300499,6.740896701812744,1.1920929e-07,1.1920929e-07,0.0,15.071998,23.88,17.06,30.7,448.45,1938.27,3.6121365118773596,8.635638
2006-07-23,18346.690340098114,19.354585309403358,0.6072542675421815,6.452719688415527,1.1920929e-07,1.1920929e-07,0.0,15.071998,22.97,18.4,27.54,334.89,2116.98,3.7122588609878404,8.075543
2006-07-24,18340.595253598167,21.102963906263152,0.5754898392718386,5.71644401550293,1.1920929e-07,1.1920929e-07,0.0,14.983053,20.645,14.9,26.39,416.65,1697.87,3.7871512153463414,7.556183
2006-07-25,18335.372585719397,21.978175248332256,0.5032343108075443,4.780660629272461,1.1920929e-07,1.1920929e-07,0.0,14.975997,17.69,11.92,23.46,424.33,1393.67,3.8252067528053972,6.721133
2006-07-26,18330.866833555727,22.172183805825327,0.46477734542348437,4.315143585205078,1.1920929e-07,1.1920929e-07,0.0,14.975997,16.22,11.13,21.31,407.52,1330.78,3.8336941885488747,6.5174623
2006-07-27,18326.57589230743,22.167408750769876,0.4527094078707781,4.212223529815674,1.1920929e-07,1.1920929e-07,0.0,14.88,15.895,10.58,21.21,417.85,1286.82,3.8334850648084773,6.8229685
2006-07-28,18322.900092531017,21.61294509732205,0.35696318712047653,3.118100643157959,1.1920929e-07,1.1920929e-07,0.0,14.88,12.44,6.13,18.75,491.28,963.12,3.8092797095256845,5.712963
2006-07-29,18320.37642136723,20.050521978603015,0.26024872274567185,1.9448087215423584,1.1920929e-07,1.1920929e-07,0.0,14.784,8.735,3.88,13.59,427.44,828.3,3.7418904443140395,4.643692
2006-07-30,18318.729204081137,19.60662547817455,0.23329747577037382,1.5188766717910767,1.1920929e-07,3.71,3.71,14.784,7.39,4.24,10.54,217.83,850.84,3.7229630244676812,3.8086421
2006-07-31,18317.178722579676,19.054503437876576,0.23263481445380388,1.6597986221313477,1.1920929e-07,1.1920929e-07,0.0,14.737467,7.835,3.85,11.82,362.65,818.75,3.6995544906070377,3.2689147
2006-08-01,18315.26162298002,17.07972138072957,0.2325713092306855,2.2139852046966553,1.1920929e-07,1.1920929e-07,0.0,14.688,9.585,4.71,14.46,409.37,861.2,3.617027062797077,3.2587311
2006-08-02,18312.9840885411,15.54615688094367,0.22130447206121945,2.4372432231903076,1.1920929e-07,1.1920929e-07,0.0,14.681575,10.29,5.61,14.97,401.82,919.82,3.5542104688375904,3.6049714
2006-08-03,18310.313540092073,14.462069825228813,0.2247003821163924,2.9075098037719727,1.1920929e-07,1.1920929e-07,0.0,14.592003,11.775,6.97,16.58,392.22,1000.69,3.510464290532339,4.002129
2006-08-04,18307.43338360528,13.630525717576464,0.2105230285087445,2.8774256706237793,1.1920929e-07,1.1920929e-07,0.0,14.592003,11.68,6.84,16.52,400.13,996.39,3.477274232773588,4.4196544
2006-08-05,18304.26686939922,13.114947265662012,0.22760177416690616,3.5044479370117188,1.1920929e-07,1.1920929e-07,0.0,14.496,13.66,8.52,18.8,402.31,1121.67,3.456853342662053,4.623325
2006-08-06,18300.322845148974,13.350659581517565,0.27327130480152995,4.361062049865723,1.1920929e-07,1.1920929e-07,0.0,14.496,16.365,11.73,21.0,356.91,1378.54,3.466174448202931,5.1528687
2006-08-07,18295.67422140388,14.220490717215508,0.31242971262562974,4.7695770263671875,1.1920929e-07,1.1920929e-07,0.0,14.4,17.655,12.17,23.14,400.22,1410.66,3.5007894432122537,5.7740645
2006-08-08,18291.265195340795,14.79755177688029,0.27536116241549025,3.898712158203125,1.1920929e-07,1.1920929e-07,0.0,14.4,14.905,9.2,20.61,433.75,1174.12,3.523944155722822,5.6824126
2006-08-09,18288.068606273668,16.21194734929313,0.23076212393684106,2.5670809745788574,1.1920929e-07,3.94,3.94,14.304003,10.7,6.5,14.9,329.11,1006.98,3.581346899303311,5.9064503
2006-08-10,18285.77896842797,16.63273882901558,0.2143082117208884,2.0714800357818604,1.1920929e-07,1.1920929e-07,0.0,14.304003,9.135,4.7,13.57,399.98,898.57,3.59860436168838,4.9186473
2006-08-11,18283.874253649497,14.78281032858941,0.1778660356915266,1.7674691677093506,1.1920929e-07,1.1920929e-07,0.0,14.208003,8.175,3.83,12.52,397.79,834.08,3.52335074971892,4.2058
2006-08-12,18282.028099985386,12.97398483462824,0.16700392443601322,2.0999813079833984,1.1920929e-07,1.1920929e-07,0.0,14.208003,9.225,4.51,13.94,404.43,852.93,3.4512910474915626,4.0632305
2006-08-13,18279.21550829643,12.171557688027935,0.20824942193099677,3.569366931915283,1.1920929e-07,1.1920929e-07,0.0,14.111995,13.865,9.07,18.66,370.6,1165.48,3.4197977980011802,4.3483696
2006-08-14,18275.16190884,12.568308799716434,0.24668896065454146,4.2818922996521,1.1920929e-07,1.1920929e-07,0.0,14.111995,16.115,10.84,21.39,388.4,1306.19,3.4353332003427655,4.989932
2006-08-15,18271.535927352765,12.535621185748271,0.18637821989699063,2.8885092735290527,1.1920929e-07,1.1920929e-07,0.0,14.016,11.715,6.98,16.45,362.66,1005.21,3.434050603001812,4.5724072
2006-08-16,18268.96243874674,11.524487830645501,0.15378623857380064,2.3485734462738037,1.1920929e-07,1.1920929e-07,0.0,14.009578,10.01,4.6,15.42,443.23,867.9,3.394611360886773,4.093781
2006-08-17,18266.562534949117,10.405388161575353,0.1463826819101454,2.644667148590088,1.1920929e-07,1.1920929e-07,0.0,13.919997,10.945,4.73,17.16,463.3,876.44,3.3514887574750176,4.4298377
2006-08-18,18263.073347942012,10.37861899505892,0.20098639792849635,4.316727161407471,1.1920929e-07,1.1920929e-07,0.0,13.831053,16.225,11.42,21.03,369.18,1353.82,3.3504639894987363,4.6844263
2006-08-19,18258.43786350445,11.421364200805172,0.24524392635496983,4.864580154418945,1.1920929e-07,1.1920929e-07,0.0,13.824003,17.955,12.93,22.98,369.76,1481.56,3.3906145666350787,5.1325016
2006-08-20,18253.49684457765,12.685685999875732,0.27627347604485875,4.977000713348389,1.1920929e-07,1.1920929e-07,0.0,13.728,18.31,12.73,23.89,394.23,1461.63,3.439942799441247,4.796445
2006-08-21,18248.56965612702,13.861951832430574,0.2882658118947406,4.7315754890441895,1.1920929e-07,1.1920929e-07,0.0,13.728,17.535,10.46,24.61,474.56,1269.93,3.4864796794170636,5.0510335
2006-08-22,18244.43129087495,14.240091569246141,0.23297252331396728,3.5171151161193848,1.1920929e-07,1.1920929e-07,0.0,13.631997,13.7,7.11,20.29,469.7,1014.77,3.5015734302807027,4.714977
2006-08-23,18241.472372790697,13.503595888757369,0.17792028438557056,2.4214091300964355,1.1920929e-07,1.1920929e-07,0.0,13.631997,10.24,5.8,14.68,354.85,923.4,3.4722356646579478,4.277085
2006-08-24,18239.420024245635,11.956653283398213,0.13951030639774223,1.8545554876327515,1.1920929e-07,1.1920929e-07,0.0,13.536,8.45,4.43,12.47,362.5,862.9,3.411412237913172,3.920661
2006-08-25,18237.2901342837,10.566717530779036,0.14409615640162218,2.628833532333374,1.1920929e-07,1.1920929e-07,0.0,13.536,10.895,6.22,15.57,382.32,952.4,3.357671352598901,3.9308445
2006-08-26,18233.78065014295,10.55516805425719,0.19910660459113497,4.329394340515137,1.1920929e-07,1.1920929e-07,0.0,13.440002,16.265,11.69,20.84,340.35,1324.05,3.3572283654076767,4.358553
2006-08-27,18229.078724114475,11.656766966324458,0.24691067771173394,4.980167388916016,1.1920929e-07,1.1920929e-07,0.0,13.343994,18.32,13.12,23.52,372.28,1280.71,3.3997450424737163,4.5927744
2006-08-28,18223.997229379755,13.044455457324588,0.2763043429325849,4.980167388916016,1.1920929e-07,1.1920929e-07,0.0,13.343994,18.32,11.45,25.19,446.22,1060.63,3.4540706574288933,5.325989
2006-08-29,18220.438671336648,12.91344631172152,0.1523835258203503,2.016061305999756,1.1920929e-07,1.1920929e-07,0.0,13.248003,8.96,3.96,13.96,370.52,739.88,3.448904980845784,4.022496
2006-08-30,18218.91304851909,13.4266999374352,0.1362865880431266,1.2797850370407104,1.1920929e-07,5.11,5.11,13.248003,6.635,2.6,10.67,263.72,762.25,3.4691867781394623,2.912491
2006-08-31,18217.49758673277,13.758824355339879,0.15418402243802318,1.7975536584854126,1.1920929e-07,1.1920929e-07,0.0,13.152002,8.27,3.59,12.95,382.09,733.84,3.4823745669257002,2.413498
2006-09-01,18214.809568320696,12.812146963293333,0.2054326818194138,3.597867965698242,1.1920929e-07,1.1920929e-07,0.0,13.152002,13.955,8.78,19.13,366.4,881.73,3.44491605515071,2.6884532
2006-09-02,18210.439874535692,13.485313498084391,0.28483363211222823,5.0815043449401855,1.1920929e-07,1.1920929e-07,0.0,13.056003,18.64,12.96,24.32,384.66,1051.01,3.471510534178733,3.5540538
2006-09-03,18204.93991911245,15.15624849755218,0.3536742338483545,5.657857894897461,1.1920929e-07,1.1920929e-07,0.0,12.960006,20.46,14.55,26.37,393.25,921.26,3.53841406735978,4.2567177
2006-09-04,18199.514185831664,16.65478077500553,0.35397817984655117,5.154340744018555,1.1920929e-07,1.1920929e-07,0.0,12.960006,18.87,13.5,24.24,372.14,928.51,3.5995106326196056,5.254704
2006-09-05,18194.651916700906,17.55423432366517,0.3298942585972599,4.539985179901123,1.1920929e-07,1.1920929e-07,0.0,12.863997,16.93,11.77,22.09,358.75,872.22,3.636687664685403,5.3361726
2006-09-06,18190.280445022076,17.95749469087293,0.31580045268278506,4.191639423370361,1.1920929e-07,1.1920929e-07,0.0,12.863997,15.83,11.19,20.47,326.83,908.08,3.6534800205440665,4.6538754
2006-09-07,18186.32220448065,17.960575699645194,0.2847789859908726,3.692871570587158,1.1920929e-07,1.1920929e-07,0.0,12.768,14.255,8.73,19.78,375.01,674.04,3.653608616303735,4.3280025
2006-09-08,18182.839348469683,17.52956398108512,0.2540321310763116,3.270106315612793,1.1920929e-07,1.1920929e-07,0.0,12.672003,12.92,8.05,17.79,345.33,662.1,3.6356628642074615,4.450205
2006-09-09,18180.07211546468,16.455548907176752,0.1957358445004161,2.2757372856140137,1.1920929e-07,1.1920929e-07,0.0,12.672003,9.78,4.28,15.28,403.05,484.3,3.5913273516834745,3.655889
2006-09-10,18177.83351727639,14.94985221793101,0.18108378989183999,2.403992176055908,1.1920929e-07,1.1920929e-07,0.0,12.575997,10.185,4.16,16.21,415.83,445.37,3.530080749540584,3.391117
2006-09-11,18174.70131515357,14.364824247446728,0.2284356823863271,3.7862915992736816,1.1920929e-07,1.1920929e-07,0.0,12.575997,14.55,9.38,19.72,352.53,580.08,3.5065665534587254,3.9613953
2006-09-12,18170.933286876403,14.39706207342781,0.21325339449638853,3.460113286972046,1.1920929e-07,1.1920929e-07,0.0,12.48,13.52,8.52,18.52,335.31,492.29,3.507858210278105,3.9817622
2006-09-13,18168.21837363417,13.422807570769635,0.14683374039335603,1.9748932123184204,1.1920929e-07,1.1920929e-07,0.0,12.383997,8.83,2.99,14.67,408.25,280.57,3.4690325189286835,2.912491
2006-09-14,18166.84291712066,16.493307893313503,0.14220301125540374,0.8190183639526367,1.1920929e-07,10.84,10.84,12.383997,5.18,1.21,9.15,232.88,322.43,3.5928768400624014,2.036707
2006-09-15,18166.409647786117,23.012641574111726,0.17488204067602933,0.25683794889712175,1.1920929e-07,7.9,7.9,12.288,3.405,0.83,5.98,148.47,501.02,3.8706803520214588,1.6802833
2006-09-16,18165.950072119955,23.339198587198506,0.19521526274432624,0.7113479375839233,1.1920929e-07,0.06,0.06,12.288,4.84,1.85,7.83,230.32,416.8,3.8851472692749547,1.5478973
2006-09-17,18164.94411336577,19.51194551477511,0.18304386518738605,1.3003690242767334,1.1920929e-07,1.1920929e-07,0.0,12.192,6.7,2.84,10.56,294.51,357.51,3.718938345103631,1.5682644
2006-09-18,18163.40026642754,25.10820363912491,0.2533003109163705,1.6898828744888306,1.1920929e-07,15.58,15.58,12.103056,7.93,4.79,11.07,191.74,603.68,3.9644615970602763,3.19763
2006-09-19,18162.023031228502,35.84383758998828,0.3141619573733359,1.0106085538864136,1.1920929e-07,12.27,12.27,12.096,5.785,3.38,8.19,140.72,738.69,4.481752984026867,2.7088203
2006-09-20,18161.185847769535,44.96884098709304,0.3637930663145576,0.6654296517372131,1.1920929e-07,14.4,14.4,12.000006,4.695,3.09,6.3,103.14,776.91,4.974170252311902,2.5764344
2006-09-21,18160.68580510548,54.94507156697912,0.41494621993948694,0.3392436480108483,1.1920929e-07,15.59,15.59,12.000006,3.665,1.28,6.05,162.62,691.42,5.574637709369445,3.6762562
2006-09-22,18160.28376576764,56.97087648052042,0.46116838565421975,0.7065976858139038,1.1920929e-07,1.1920929e-07,0.0,11.903997,4.825,0.75,8.9,324.73,611.81,5.705155195783431,2.2200108
2006-09-23,18158.96502375898,52.24974813426412,0.5448423189518414,1.9337249994277954,1.1920929e-07,1.1920929e-07,0.0,11.903997,8.7,3.69,13.71,344.22,680.85,5.4056022781407265,2.1283588
2006-09-24,18156.392317820464,48.92535154667843,0.6372492744490948,3.086433172225952,1.1920929e-07,1.1920929e-07,0.0,11.808002,12.34,7.4,17.28,318.13,867.15,5.204157724185987,2.413498
2006-09-25,18153.01324930289,46.51972135968026,0.6673102761668502,3.6216187477111816,1.1920929e-07,1.1920929e-07,0.0,11.711994,14.03,8.67,19.39,335.51,923.9,5.063084472367603,2.5764344
2006-09-26,18149.083143794847,44.74624970729013,0.7216652598565829,4.229640483856201,1.1920929e-07,1.1920929e-07,0.0,11.711994,15.95,10.94,20.96,310.89,1093.6,4.961537555830816,2.606985
2006-09-27,18144.738892980993,43.437644375996854,0.7369010563590466,4.5384016036987305,1.1920929e-07,1.1920929e-07,0.0,11.615997,16.925,12.38,21.47,288.82,1232.45,4.88791649120251,3.0754275
2006-09-28,18140.392957143402,42.22157358659221,0.671083888342265,4.196389675140381,1.1920929e-07,1.1920929e-07,0.0,11.615997,15.845,11.52,20.17,270.28,1181.28,4.820480963918065,3.2994654
2006-09-29,18136.32067930847,40.864902484067876,0.6169469008718352,3.971548318862915,1.1920929e-07,1.1920929e-07,0.0,11.520002,15.135,10.4,19.87,294.1,1096.22,4.746345990233473,2.9735923
2006-09-30,18133.07385266004,38.890792787306246,0.45285014755742126,2.6874186992645264,1.1920929e-07,1.1920929e-07,0.0,11.424,11.08,5.23,16.93,357.57,751.63,4.640503013564904,2.4745991
2006-10-01,18130.953493748846,36.04813267129285,0.33101795353483,1.5125433206558228,1.1920929e-07,1.1920929e-07,0.0,11.424,7.37,3.04,11.7,305.71,725.27,4.4922250423720005,2.2505612
2006-10-02,18129.72136847643,32.57899234862009,0.2720321121365408,1.0929449796676636,1.1920929e-07,1.1920929e-07,0.0,11.328,6.045,1.86,10.23,276.47,655.75,4.317672876375417,2.0061564
2006-10-03,18128.561205008915,29.242919177306064,0.2574850358192902,1.3494540452957153,1.1920929e-07,1.1920929e-07,0.0,11.328,6.855,3.79,9.92,213.68,777.98,4.156216524776468,1.883954
2006-10-04,18126.77099138466,26.673020589831882,0.27809690758365196,2.220318555831909,1.1920929e-07,1.1920929e-07,0.0,11.2319975,9.605,5.62,13.59,267.5,868.01,4.035969609956612,1.7719351
2006-10-05,18124.508607532814,24.676221074734094,0.2500768801879085,2.1221485137939453,1.1920929e-07,1.1920929e-07,0.0,11.136003,9.295,4.65,13.94,307.45,788.93,3.9449452474071496,1.9348717
2006-10-06,18122.808360338975,22.26357751482338,0.18989592338716435,1.278201699256897,1.1920929e-07,1.1920929e-07,0.0,11.136003,6.63,2.92,10.34,253.21,731.33,3.8376989794222367,1.9552387
2006-10-07,18121.941561803844,19.18228671454891,0.13799672508651015,0.5039237136931689,1.1920929e-07,1.1920929e-07,0.0,11.04,4.185,0.83,7.54,242.29,647.72,3.704959044010447,1.883954
2006-10-08,18121.356491202096,18.18015575815295,0.1405241111330665,0.8459360003471375,1.1920929e-07,4.4,4.4,11.04,5.265,2.79,7.74,149.81,752.94,3.662785158762179,2.4847825
2006-10-09,18120.22045276421,17.691671613330293,0.15396903653101557,1.4602915048599243,1.1920929e-07,1.1920929e-07,0.0,10.9439945,7.205,3.42,10.99,247.69,758.07,3.6424020681980935,2.321846
2006-10-10,18118.239659302526,15.907800094398597,0.16881436904856578,2.4815781116485596,1.1920929e-07,1.1920929e-07,0.0,10.848,10.43,5.09,15.77,312.09,818.8,3.5689247900028285,1.883954
2006-10-11,18115.54376090952,14.886831709323564,0.1716840558232834,2.8995931148529053,1.1920929e-07,1.1920929e-07,0.0,10.848,11.75,7.07,16.43,275.4,948.76,3.5275401889789637,1.9857893
2006-10-12,18112.420796034956,14.320458349970837,0.17828125690230334,3.333441972732544,1.1920929e-07,1.1920929e-07,0.0,10.752,13.12,8.38,17.86,271.47,1034.38,3.5047897449004393,2.1181753
2006-10-13,18109.173917726253,13.896893022503676,0.16272270745546824,3.0215141773223877,1.1920929e-07,1.1920929e-07,0.0,10.752,12.135,7.54,16.73,265.21,987.03,3.487871652528312,2.1589096
2006-10-14,18106.42669292549,13.022471619890535,0.13285162866809952,2.3739075660705566,1.1920929e-07,1.1920929e-07,0.0,10.655997,10.09,5.09,15.09,292.03,843.74,3.4532032971673634,1.9959729
2006-10-15,18104.812213518886,22.45152187589402,0.16562821550519874,0.792100727558136,1.1920929e-07,24.17,24.17,10.655997,5.095,1.97,8.22,166.97,720.11,3.845947686029654,2.780105
2006-10-16,18104.588751986943,42.1908322042893,0.24868505537085445,1.1920928955078125e-07,1.1920929e-07,21.24,21.24,10.560002,1.89,-0.55,4.33,138.68,611.11,4.818788354161231,3.2383642
2006-10-17,18104.489232115353,48.3386774789214,0.3188617653355187,0.34716217644384884,1.1920929e-07,4.45,4.45,10.464,3.69,1.49,5.89,136.18,697.84,5.169395134005404,2.036707
2006-10-18,18104.01045478094,56.20326625612387,0.38980518878234466,0.5846766829490662,1.1920929e-07,22.96,22.96,10.464,4.44,2.39,6.49,105.84,738.12,5.655344256542796,1.8330363
2006-10-19,18103.391553927828,80.0195192198643,0.5559703486199417,0.6369285583496094,1.1920929e-07,35.46,35.46,10.367997,4.605,1.3,7.91,169.0,691.41,7.42370732442153,12.2202425
2006-10-20,18102.851368826465,89.89402431761064,0.6077361100083871,0.5070905676972117,1.1920929e-07,1.1920929e-07,0.0,10.367997,4.195,1.41,6.98,184.58,688.52,8.310212781183324,6.262874
2006-10-21,18101.963378063134,82.20802114108777,0.6450954067954623,1.265534520149231,1.1920929e-07,1.1920929e-07,0.0,10.272,6.59,3.14,10.04,196.97,770.97,7.611650875347553,3.2383642
2006-10-22,18100.33776504716,75.83298049250396,0.677538952113662,1.8988906145095825,1.1920929e-07,1.1920929e-07,0.0,10.272,8.59,3.27,13.91,269.35,776.44,7.077009474903175,2.413498
2006-10-23,18098.80556515453,69.89857970175535,0.514210655062602,0.9995248913764954,1.1920929e-07,1.1920929e-07,0.0,10.176,5.75,1.02,10.48,247.98,651.26,6.613127279976463,2.036707
2006-10-24,18098.44386145303,65.49390398995921,0.3732665296531529,1.1920928955078125e-07,1.1920929e-07,4.4,4.4,10.168944,1.95,0.54,3.36,70.47,638.28,6.288593948383933,1.8534034
2006-10-25,18098.446111826983,62.85012629410357,0.34752173389467983,1.1920928955078125e-07,1.1920929e-07,3.23,3.23,10.08,1.635,-1.57,4.84,170.42,558.28,6.10150164671983,1.7923021
2006-10-26,18098.44613030683,67.57045937424556,0.37769706390511176,1.1920928955078125e-07,1.1920929e-07,18.78,18.78,9.990422,1.925,-0.1,3.95,107.41,611.2,6.439559512189779,1.5784479
2006-10-27,18098.2841130816,70.6385236988037,0.45849019063061286,0.4928399933266494,1.1920929e-07,0.84,0.84,9.984,4.15,1.09,7.21,188.99,678.9,6.669265926268833,1.6395491
2006-10-28,18097.574580519144,64.2761975463596,0.4327622254892913,0.712931215763092,1.1920929e-07,1.1920929e-07,0.0,9.887998,4.845,0.89,8.8,213.28,650.38,6.201718265186212,1.5886315
2006-10-29,18097.40670604909,61.25890938303265,0.3143348797454334,1.1920928955078125e-07,0.00031192927,5.9096875,5.91,9.887998,0.825,-4.17,5.82,196.15,469.74,5.991589901081223,1.8228527
2006-10-30,18099.31738435339,56.13845438112769,0.2009683095622036,1.1920928955078125e-07,1.1920929e-07,1.1920929e-07,0.0,9.792003,-4.16,-7.86,-0.46,217.68,346.08,5.651158517032599,1.5377138
2006-10-31,18099.856374539864,50.45857145488549,0.21824762093747624,1.1920928955078125e-07,1.159998,1.8668175e-06,1.16,9.792003,-1.495,-5.71,2.72,209.15,401.48,5.296114394818962,1.3849608
2006-11-01,18100.258583615025,46.703170330834006,0.2736194442324875,0.14628013223344638,1.1920929e-07,3.25,3.25,9.696003,3.06,-1.19,7.31,199.27,563.98,5.073706439373495,1.313676
2006-11-02,18099.827006469997,59.30823726600393,0.3898729782549284,0.6923472881317139,1.1920929e-07,33.56,33.56,9.696003,4.78,2.1,7.46,118.48,714.09,5.859546819683862,3.0754275
2006-11-03,18098.888247801195,89.8558700552525,0.6453053769510919,1.1641974449157715,1.1920929e-07,38.86,38.86,9.6,6.27,5.13,7.41,58.77,890.44,8.306591352862041,12.831254
2006-11-04,18097.754552555132,117.66280037251039,0.8257882862161158,1.0533602237701416,1.1920929e-07,35.66,35.66,9.6,5.92,4.47,7.37,67.8,851.86,11.412583287696378,15.784479
2006-11-05,18096.60393878003,143.9745124061925,0.9945135712623596,1.3019524812698364,1.1920929e-07,48.41,48.41,9.504003,6.705,3.68,9.73,135.46,809.63,22.087795282733715,12.2202425
2006-11-06,18094.711071226993,185.33769772915562,1.203593373298645,2.2377359867095947,1.1920929e-07,111.25,111.25,9.504003,9.66,8.45,10.87,59.23,1115.71,63.450980605696834,65.48013
2006-11-07,18093.068195883498,207.82720134667363,0.9319844245910645,1.037526249885559,1.1920929e-07,80.36,80.36,9.408,5.87,1.78,9.96,156.8,722.48,85.94048422321485,106.92712
2006-11-08,18092.60466043562,178.36212893507982,0.7281423807144165,1.1920928955078125e-07,1.1920929e-07,12.53,12.53,9.408,2.18,-1.05,5.41,134.49,580.64,56.475411811621036,35.133198
2006-11-09,18092.813390319145,146.0434384712174,0.6244879364967346,1.1920928955078125e-07,0.65933067,7.260669,7.92,9.318422,0.08,-1.41,1.57,68.79,563.0,24.156721347758612,18.228527
2006-11-10,18093.368467586588,141.4007491358519,0.6437559723854065,1.1920928955078125e-07,0.024266994,24.055733,24.08,9.312,0.53,-1.06,2.12,76.93,575.51,19.51403201239311,12.933089
2006-11-11,18107.783061002785,133.39740213376143,0.5622690084807979,1.1920928955078125e-07,25.81712,0.0028794538,25.82,9.26253,-1.07,-2.22,0.08,55.85,530.32,13.659962459060795,11.711065
2006-11-12,18121.873123728,134.59471938118773,0.6327219617506481,1.1920928955078125e-07,0.019933423,30.990068,31.01,9.216,0.575,-1.28,2.43,90.26,564.04,13.84808821482302,14.867961
2006-11-13,18123.520075584493,142.09980980289654,0.6123020648956299,1.1920928955078125e-07,5.9205155,18.679483,24.6,9.216,-0.045,-2.26,2.17,103.96,529.77,20.213092679437757,17.923021
2006-11-14,18141.517880227926,129.44103568610723,0.538324694229345,1.1920928955078125e-07,19.277098,0.0029028226,19.28,9.119997,-1.04,-4.34,2.26,142.62,458.18,13.056308893122022,14.867961
2006-11-15,18149.03781677626,129.32289999486673,0.6476348652642682,1.1920928955078125e-07,6.5624715e-07,22.02,22.02,9.119997,1.65,-2.07,5.37,147.51,534.38,13.038700170556103,14.358785
2006-11-16,18150.22715841598,125.5455635029607,0.5321707493740776,1.1920928955078125e-07,1.1920929e-07,1.1920929e-07,0.0,9.024003,-0.615,-3.49,2.26,154.25,486.43,12.488016020345194,22.607449
2006-11-17,18150.084040544425,112.6069738585697,0.5360902863851438,1.1920928955078125e-07,1.1920929e-07,1.1920929e-07,0.0,9.024003,1.065,-2.75,4.88,190.13,503.21,10.772091080530839,13.238596
2006-11-18,18150.054734359008,106.012252418843,0.576233175749971,0.13477194015690408,1.1920929e-07,7.94,7.94,9.016947,3.025,-1.36,7.41,151.73,556.7,9.990357070880185,9.297567
2006-11-19,18149.6054527002,104.53429476585151,0.6221008324646999,0.6115943193435669,1.1920929e-07,9.2,9.2,8.928,4.525,0.06,8.99,148.28,616.45,9.82309359044492,10.692712
2006-11-20,18149.309968026744,104.95717323304883,0.534005063444406,1.1920928955078125e-07,1.1920929e-07,11.69,11.69,8.928,2.195,-0.22,4.61,98.22,606.59,9.870663534720626,10.590877
2006-11-21,18149.292959358867,105.86372003398041,0.46075514055542,1.1920928955078125e-07,1.011617,9.588384,10.6,8.838422,0.065,-2.14,2.27,92.57,538.4,9.97341942350174,10.173351
2006-11-22,18156.58509165053,97.95412190535194,0.4048264930714084,1.1920928955078125e-07,8.050964,0.049035583,8.1,8.831997,-0.67,-2.45,1.11,79.77,519.97,9.111742901506938,8.055177
2006-11-23,18172.390383947502,88.96555221353799,0.326796927589167,1.1920928955078125e-07,24.17,1.1920929e-07,24.17,8.831997,-2.35,-3.83,-0.87,66.1,471.67,8.222533068933643,6.9960885
2006-11-24,18196.52338391694,80.8100694303743,0.2845118475899771,1.1920928955078125e-07,26.31,1.1920929e-07,26.31,8.742422,-2.805,-4.28,-1.33,67.75,456.69,7.4910564909085915,6.0795703
2006-11-25,18216.704352727036,73.36445033311456,0.2489139417411395,1.1920928955078125e-07,13.58,1.1920929e-07,13.58,8.736,-3.315,-6.88,0.25,135.22,381.57,6.880221632158698,5.081584
2006-11-26,18229.91248016489,66.5164423549784,0.23980635832795963,1.1920928955078125e-07,14.82,1.1920929e-07,14.82,8.736,-2.46,-6.26,1.34,138.33,392.48,6.362484953698309,4.9593816
2006-11-27,18241.82303067316,60.188495964507055,0.16726016439991342,1.1920928955078125e-07,9.06,1.1920929e-07,9.06,8.646422,-5.94,-8.31,-3.57,100.82,337.36,5.918768288216693,4.3891034
2006-11-28,18253.60696410091,54.309086297859935,0.14343642906461165,1.1920928955078125e-07,14.92,1.1920929e-07,14.92,8.64,-6.625,-11.36,-1.89,159.68,263.13,5.534281877202421,3.655889
2006-11-29,18265.572407234184,48.805406315147614,0.13917778003529502,1.1920928955078125e-07,10.13,1.1920929e-07,10.13,8.64,-5.575,-11.2,0.05,164.94,261.72,5.19703156929942,3.2689147
2006-11-30,18274.40176928438,43.614802539968224,0.16896000328231645,1.1920928955078125e-07,14.049788,0.00021187366,14.05,8.632941,-1.27,-4.05,1.51,110.22,450.36,4.897818967959273,4.3280025
2006-12-01,18279.71129394326,38.70585583626797,0.13628323375372656,1.1920928955078125e-07,1.1920929e-07,1.1920929e-07,0.0,8.544,-2.48,-6.43,1.47,190.99,388.04,4.630709254981403,3.4725854
2006-12-02,18281.80679068932,34.050307563455014,0.14346027476871656,1.1920928955078125e-07,1.1920929e-07,1.1920929e-07,0.0,8.544,0.085,-4.92,5.09,203.98,427.32,4.390859176815096,3.177263
2006-12-03,18281.64677429777,29.821223484826135,0.1694988171012864,0.6020939350128174,1.1920929e-07,1.1920929e-07,0.0,8.544,4.495,0.27,8.72,185.97,621.18,4.18376574514345,3.1263454
2006-12-04,18281.375174058892,27.296387273427733,0.13293193039896972,1.1920928955078125e-07,1.1920929e-07,3.11,3.11,8.536944,2.21,-0.32,4.74,108.91,598.04,4.064813784156695,3.6049714
2006-12-05,18281.251949856836,25.898900983910966,0.12358797662885171,1.1920928955078125e-07,1.1920929e-07,3.44,3.44,8.448,2.065,-2.2,6.33,149.95,527.42,4.000434607698082,4.114148
2006-12-06,18280.620711762942,23.839363147865456,0.15481115557464684,1.2956187725067139,1.1920929e-07,1.1920929e-07,0.0,8.448,6.685,2.88,10.49,166.71,751.12,3.907410135830356,4.002129
2006-12-07,18279.250568387164,21.35653400786671,0.14682353093214118,1.5727119445800781,1.1920929e-07,1.1920929e-07,0.0,8.448,7.56,4.23,10.89,151.11,822.76,3.798137711472737,4.5214896
2006-12-08,18277.3235831432,19.359141805667942,0.14670626093951347,2.050895929336548,1.1920929e-07,1.1920929e-07,0.0,8.448,9.07,6.14,12.0,135.05,940.75,3.712452102269032,5.325989
2006-12-09,18275.772538999416,19.88548658960539,0.12261221049949088,1.0454431772232056,1.1920929e-07,6.35,6.35,8.448,5.895,0.77,11.02,136.17,648.0,3.7348422455252033,6.0999374
2006-12-10,18275.239061060907,22.364137060326012,0.11084012450049605,0.028053912265749936,1.1920929e-07,5.32,5.32,8.398531,2.71,0.49,4.93,81.35,633.09,3.8421102431591287,6.0286527
2006-12-11,18275.23977326937,33.008952155377486,0.1535162057811208,1.1920928955078125e-07,1.1920929e-07,24.1,24.1,8.352,1.855,-0.4,4.11,80.19,598.88,4.338932910857358,9.399403
2006-12-12,18275.239916910097,50.58111991794433,0.22020852674529218,1.1920928955078125e-07,0.00057828426,20.999422,21.0,8.352,0.89,-1.88,3.66,92.99,544.3,5.303534133344855,10.590877
2006-12-13,18275.24026045596,67.88704042782561,0.30294137468802806,1.1920928955078125e-07,1.963228e-05,26.349981,26.35,8.352,1.25,-1.63,4.13,93.86,553.48,6.462891191215692,15.580809
2006-12-14,18275.240277749257,93.32017406881123,0.43047212968993415,1.1920928955078125e-07,1.128316e-06,37.86,37.86,8.352,1.735,-1.7,5.17,108.14,551.15,8.641927527654035,19.959728
2006-12-15,18289.624825424737,98.72227371515092,0.31999784132945885,1.1920928955078125e-07,19.89,1.1920929e-07,19.89,8.352,-3.325,-7.51,0.86,123.58,366.45,9.19205385720434,18.534035
2006-12-16,18301.817013852204,89.69809330431022,0.26391936263083327,1.1920928955078125e-07,6.18,1.1920929e-07,6.18,8.352,-4.675,-8.26,-1.09,115.44,335.92,8.291632652930225,10.071516
2006-12-17,18304.179059637427,81.53435689756346,0.24311957742502832,1.1920928955078125e-07,1.1920929e-07,1.1920929e-07,0.0,8.352,-4.49,-7.97,-1.01,149.26,340.22,7.553296744376277,6.772051
2006-12-18,18304.017303858236,74.04858076150614,0.2622619261083668,1.1920928955078125e-07,1.1920929e-07,1.1920929e-07,0.0,8.352,-2.075,-6.43,2.28,168.61,379.37,6.934204865676387,5.0714006
2006-12-19,18304.126768962084,67.58445054129285,0.3085814233419836,1.1920928955078125e-07,1.1920929e-07,1.53,1.53,8.352,1.585,-0.88,4.05,111.44,575.13,6.440588864740563,4.4196544
2006-12-20,18303.93052719938,64.59219714026106,0.34099307521342254,0.35983113598539873,1.1920929e-07,5.86,5.86,8.352,3.73,1.53,5.93,76.39,681.34,6.224146857983339,4.0428634
2006-12-21,18303.813282537227,67.51348997922818,0.2796943161421847,1.1920928955078125e-07,0.4593104,12.44069,12.9,8.352,0.17,-2.87,3.21,100.21,504.28,6.435369881074585,5.448191
2006-12-22,18311.193902063744,62.88069597212459,0.23084351199402434,1.1920928955078125e-07,5.569996,4.3159725e-06,5.57,8.352,-1.565,-4.6,1.47,98.47,442.95,6.1036328396526445,4.297452
2006-12-23,18320.884926130955,56.77172268660793,0.20550867991675983,1.1920928955078125e-07,13.629998,1.6248226e-06,13.63,8.352,-1.765,-4.04,0.51,79.89,463.04,5.692189929692667,4.4807553
2006-12-24,18335.460711842523,51.1284716652733,0.20304416114180432,1.1920928955078125e-07,14.508611,0.8813893,15.39,8.352,-0.44,-4.4,3.52,116.99,448.22,5.336800834131972,5.1121345
2006-12-25,18342.48751391597,54.17252000070875,0.22341885583991014,1.1920928955078125e-07,1.0429379,14.747062,15.79,8.352,0.105,-2.18,2.39,76.98,526.88,5.525654368468241,9.45032
2006-12-26,18342.94824881044,63.10626456757153,0.2594543871565488,1.1920928955078125e-07,1.5015951,13.538404,15.04,8.352,0.06,-2.09,2.21,75.72,530.4,6.119381588511463,7.1081076
2006-12-27,18358.108750623614,59.10831226338125,0.21082775367355377,1.1920928955078125e-07,19.47,5.802512e-07,19.47,8.352,-1.975,-4.65,0.7,92.57,440.72,5.846179183598564,7.841322
2006-12-28,18371.50410688689,53.25627951484216,0.17170384692750626,1.1920928955078125e-07,4.37,1.1920929e-07,4.37,8.352,-3.4,-7.44,0.64,135.13,356.18,5.468118112762448,5.8147984
2006-12-29,18374.300901894036,47.76559501109141,0.19287692769521628,1.1920928955078125e-07,1.1920929e-07,1.1920929e-07,0.0,8.352,-0.2,-3.79,3.39,150.8,461.45,5.135662106711941,5.2241535
2006-12-30,18373.772573219256,42.58978993198337,0.1906407033480421,1.1920928955078125e-07,1.1920929e-07,1.1920929e-07,0.0,8.352,1.295,-3.06,5.65,169.41,489.29,4.840801095804309,4.6335087
2006-12-31,18373.772573514827,37.70220546784219,0.16454784767919142,1.1920928955078125e-07,1.1920929e-07,1.1920929e-07,0.0,8.358422,0.915,-2.22,4.05,139.92,521.87,4.577918007699481,4.2159834
2007-01-01,18373.772584517406,36.266701664399775,0.16322539685797302,1.1920928955078125e-07,9.018182e-06,8.899991,8.9,8.440945,1.22,-1.16,3.6,90.89,562.91,4.503455868560522,4.266901
2007-01-02,18373.77263277391,51.06613329443282,0.2407988741147555,1.1920928955078125e-07,1.1920929e-07,31.5,31.5,8.448,1.89,-0.45,4.23,84.93,591.82,5.333001555509087,11.507395
2007-01-03,18373.822487505597,82.71982214963951,0.3466299349206855,1.1920928955078125e-07,1.4865279,40.263474,41.75,8.448,0.17,-2.05,2.39,85.93,536.49,7.656285262174317,17.821186
2007-01-04,18397.161481525087,79.36791408734834,0.25938619819262426,1.1920928955078125e-07,10.98,1.1920929e-07,10.98,8.448,-3.37,-5.3,-1.44,77.53,425.17,7.3686507432053165,11.201889
2007-01-05,18410.077087523256,72.06120951084145,0.22216279798781433,1.1920928955078125e-07,10.99,1.1920929e-07,10.99,8.448,-4.185,-6.18,-2.19,85.46,395.36,6.778545854370086,7.9227905
2007-01-06,18423.098991127026,65.31805093893288,0.22352689407162368,1.1920928955078125e-07,11.13,1.1920929e-07,11.13,8.494531,-2.8,-4.48,-1.12,70.07,446.97,6.275973155788024,6.9044366
2007-01-07,18458.125130495955,59.03663233363653,0.22690186516944663,1.1920928955078125e-07,28.269396,0.00060492335,28.27,8.544,-1.235,-1.92,-0.55,38.7,535.88,5.841393860975593,10.285371
2007-01-08,18503.200498209753,53.172599928252275,0.20608672966206507,1.1920928955078125e-07,56.006016,0.003982778,56.01,8.544,-1.115,-3.06,0.83,79.68,498.25,5.462893318673492,9.277201
2007-01-09,18538.812042460566,47.68731312134852,0.18009921109005242,1.1920928955078125e-07,20.279964,3.5659075e-05,20.28,8.544,-1.485,-5.32,2.35,138.02,427.24,5.131071364586859,7.5663667
2007-01-10,18557.33998130611,42.55857938679168,0.12252848361470309,1.1920928955078125e-07,16.99,1.1920929e-07,16.99,8.550425,-5.3,-7.89,-2.71,104.85,347.58,4.83907541485215,6.374893
2007-01-11,18564.13106954875,37.745241432404846,0.08913058094069416,1.1920928955078125e-07,1.1920929e-07,1.1920929e-07,0.0,8.64,-8.14,-11.24,-5.04,166.43,262.54,4.5801692676662,5.1325016
2007-01-12,18565.07339735131,33.199894269974365,0.07930600079510207,1.1920928955078125e-07,1.1920929e-07,1.1920929e-07,0.0,8.64,-7.985,-11.59,-4.38,181.47,249.6,4.348407878864507,4.4807553
2007-01-13,18563.855572190885,28.87659200653226,0.07256893550773863,1.1920928955078125e-07,1.1920929e-07,1.1920929e-07,0.0,8.64,-7.3,-10.46,-4.14,167.12,280.0,4.138859383408709,4.093781
2007-01-14,18561.713196481243,24.752171897946265,0.07040967377049026,1.1920928955078125e-07,1.1920929e-07,1.1920929e-07,0.0,8.728945,-5.75,-9.23,-2.27,181.44,299.89,3.9483696216651487,3.7271738
2007-01-15,18561.724629092,20.81530435568938,0.07746636860643129,1.1920928955078125e-07,1.1920929e-07,1.1920929e-07,0.0,8.736,-2.01,-6.51,2.49,212.06,367.02,3.774726187323776,3.4318514
2007-01-16,18566.725267887614,17.054521255955954,0.05856817262848941,1.1920928955078125e-07,8.6,1.1920929e-07,8.6,8.736,-3.145,-5.3,-0.99,94.71,417.59,3.615985917670343,3.2790983
2007-01-17,18573.09697366036,13.455239026812544,0.04055117179673331,1.1920928955078125e-07,1.78,1.1920929e-07,1.78,8.824942,-5.105,-7.47,-2.74,126.69,355.07,3.4703180264056073,3.02451
2007-01-18,18578.951771316402,10.006514284519945,0.03542755206200081,1.1920928955078125e-07,8.31,1.1920929e-07,8.31,8.831997,-2.87,-5.21,-0.53,110.82,421.72,3.336251612986232,2.892124
2007-01-19,18584.686062633842,6.699238608418009,0.027028413168259307,1.1920928955078125e-07,9.0282545,0.0017454796,9.03,8.831997,-1.015,-2.87,0.84,89.37,500.74,3.2125515242499625,3.044877
2007-01-20,18590.696249390767,3.524303577846588,0.013008123211462077,1.1920928955078125e-07,1.1920929e-07,1.1920929e-07,0.0,8.928,-2.435,-4.79,-0.08,152.86,441.39,3.098118326764125,2.9939594
2007-01-21,18597.422845570047,0.4732778181736974,0.0017127226421671108,1.1920928955078125e-07,7.66,1.1920929e-07,7.66,8.928,-2.59,-4.82,-0.36,117.77,435.37,2.9658879184795826,2.6782696
2007-01-22,18601.836921252954,-0.2957511741564485,1.1920928955078125e-07,1.1920928955078125e-07,0.5709303,0.32906964,0.9,8.928,-0.215,-1.86,1.43,105.59,538.71,0.1464602929858995,2.719004
2007-01-23,18601.873225332907,7.983865995118589,0.0427323232059152,0.052780749103818136,1.1920929e-07,20.0,20.0,9.024003,2.785,0.99,4.58,98.81,657.13,3.260045363723564,2.8717568
2007-01-24,18601.32697295389,14.741856948670888,0.09674361753922281,1.0280259847640991,1.1920929e-07,1.1920929e-07,0.0,9.024003,5.84,0.46,11.22,238.97,628.66,3.521702726316815,2.8717568
2007-01-25,18600.64635349516,11.869277732027038,0.06568809180498154,0.17065092415761995,1.1920929e-07,1.1920929e-07,0.0,9.112942,3.135,-1.35,7.62,229.53,560.59,3.4080087302566167,2.8412063
2007-01-26,18600.466807505778,8.646359065734778,0.04805017535019718,0.1867407116312947,1.1920929e-07,1.1920929e-07,0.0,9.119997,3.185,-1.72,8.09,240.6,542.05,3.2848121010444133,2.7291875
2007-01-27,18600.245376601586,5.600224641695725,0.031746888934993854,0.2774556185347592,1.1920929e-07,1.1920929e-07,0.0,9.126422,3.47,-0.5,7.44,222.65,593.31,3.1724695431029275,2.627352
2007-01-28,18599.74826796497,2.9491154826833936,0.018574245424412775,0.7303485870361328,1.1920929e-07,1.1920929e-07,0.0,9.216,4.9,-0.06,9.86,245.54,605.08,3.077827434850079,2.5357003
2007-01-29,18598.994752898183,0.6536165588307732,0.004048324292247608,0.6575126647949219,1.1920929e-07,1.1920929e-07,0.0,9.216,4.67,-0.45,9.79,250.99,592.21,2.9938229032252055,2.5051496
2007-01-30,18598.736655967088,-0.27883590122047575,1.1920928955078125e-07,1.1920928955078125e-07,1.1920929e-07,1.1920929e-07,0.0,9.312,1.955,-2.95,6.86,252.48,496.79,0.17192188434628705,2.4338648
2007-01-31,18598.736675967986,-0.3810366815357078,1.1920928955078125e-07,1.1920928955078125e-07,1.1920929e-07,1.1920929e-07,0.0,9.312,1.255,-3.05,5.56,234.18,481.86,0.06417862116991511,2.3523967
2007-02-01,18598.736614731995,-0.43099325141754985,1.1920928955078125e-07,1.1920928955078125e-07,1.1920929e-07,1.1920929e-07,0.0,9.408,1.845,-2.88,6.57,252.3,491.11,0.03925533101528434,2.281112
2007-02-02,18598.740189577762,-0.46805214349101826,1.1920928955078125e-07,1.1920928955078125e-07,1.1920929e-07,1.1920929e-07,0.0,9.408,2.585,-3.39,8.56,273.92,477.28,0.027199226975236395,2.230194
2007-02-03,18598.741763857575,5.602969482494919,0.028705899297653905,1.1920928955078125e-07,3.6653876e-06,17.569996,17.57,9.504003,1.38,-1.37,4.13,134.53,557.62,3.172569024245514,2.2912953
2007-02-04,18598.599271866642,21.17590698601313,0.1334386388342919,0.5862601399421692,1.1920929e-07,17.47,17.47,9.504003,4.445,1.11,7.78,159.72,655.6,3.790308378589743,3.044877
2007-02-05,18597.181503321317,26.63053906552974,0.22733139414159145,2.0113110542297363,1.1920929e-07,1.1920929e-07,0.0,9.592944,8.945,5.79,12.1,202.39,924.88,4.034011387921745,3.7780914
2007-02-06,18595.444710359094,23.74518919901158,0.1798626343535713,1.4222900867462158,1.1920929e-07,1.1920929e-07,0.0,9.6,7.085,3.99,10.18,200.48,809.36,3.903208624705383,4.185433
2007-02-07,18594.26890171093,22.461771228724952,0.15470666068462935,0.9187719821929932,1.1920929e-07,3.03,3.03,9.688945,5.495,2.33,8.66,168.85,722.28,3.846398030231783,4.470572
2007-02-08,18593.85788986719,22.472601155428638,0.12442575438213017,1.1920928955078125e-07,1.1920929e-07,4.06,4.06,9.696003,2.225,-0.48,4.93,141.66,595.96,3.846873941448426,4.6538754
2007-02-09,18593.85853725695,24.662265490145835,0.13584860482065397,1.1920928955078125e-07,1.1920929e-07,8.47,8.47,9.784947,2.015,0.51,3.52,85.28,634.88,3.944316358798807,4.541857
2007-02-10,18593.573262815233,26.1046988976729,0.17072833432500167,0.6210945844650269,1.1920929e-07,1.76,1.76,9.792003,4.555,1.53,7.58,186.35,683.02,4.009850860279513,4.2159834
2007-02-11,18593.268008869236,29.257961412008203,0.1685418711692566,1.1920928955078125e-07,1.1920929e-07,12.23,12.23,9.887998,2.52,-0.5,5.54,156.63,596.15,4.156930802613565,4.72516
2007-02-12,18593.270626706508,32.975043674308694,0.1776408347157111,1.1920928955078125e-07,2.759695e-07,4.6299996,4.63,9.887998,1.535,-1.47,4.54,159.6,558.85,4.337252457391119,4.460388
2007-02-13,18593.26944824213,34.52012400965164,0.17423173664573294,1.1920928955078125e-07,0.018154364,7.691846,7.71,9.984,0.445,-2.5,3.39,163.36,515.31,4.41448914033577,4.073414
2007-02-14,18597.433507758633,35.45331710915998,0.16895015070586997,1.1920928955078125e-07,10.938266,1.1517348,12.09,9.984,-0.385,-3.05,2.28,156.77,499.75,4.461802994926359,3.9512117
2007-02-15,18601.6286754267,55.29803616406734,0.297818386245252,1.1920928955078125e-07,3.2149255e-05,43.14997,43.15,10.08,1.25,-0.6,3.1,110.74,590.39,5.597161579853006,13.0349245
2007-02-16,18601.630089198647,84.07666171721502,0.477901523076144,1.1920928955078125e-07,1.1920929e-07,27.79,27.79,10.08,2.04,-0.34,4.42,148.01,604.12,7.775886643317861,15.071632
2007-02-17,18601.483856160878,93.2125755408091,0.6015646425078718,0.37566653913477666,1.1920929e-07,9.96,9.96,10.176,3.78,-0.8,8.36,223.66,583.54,8.631311320318975,9.236466
2007-02-18,18601.93011950797,95.46982330999931,0.4708385059062501,1.1920928955078125e-07,7.9680834,7.571916,15.54,10.176,-0.165,-3.36,3.03,176.34,491.17,8.856780366301702,7.9838915
2007-02-19,18618.29931871211,87.31820373434014,0.39772063405353697,1.1920928955078125e-07,18.729948,5.1912368e-05,18.73,10.272,-1.44,-2.93,0.05,100.56,504.04,8.06923726091325,7.077557
2007-02-20,18637.497041024428,79.23292652439815,0.3387110128591102,1.1920928955078125e-07,29.99,1.1920929e-07,29.99,10.278422,-2.35,-4.47,-0.23,139.76,452.59,7.357296289530677,7.9635243
2007-02-21,18655.80344566185,71.84143266296755,0.3230597093876342,1.1920928955078125e-07,11.439999,1.3637542e-06,11.44,10.367997,-1.755,-5.3,1.79,206.17,422.11,6.761548053911783,6.334159
2007-02-22,18670.418954594785,65.03213916671766,0.2928722464406415,1.1920928955078125e-07,13.409999,7.992983e-07,13.41,10.464,-1.865,-4.77,1.04,172.15,438.17,6.255507607641037,5.621311
2007-02-23,18682.65817140461,58.71549650576445,0.2382770706600849,1.1920928955078125e-07,8.56,1.1920929e-07,8.56,10.464,-3.335,-5.66,-1.01,152.82,410.46,5.820003003826971,5.1121345
2007-02-24,18693.37370292366,52.83514457354227,0.23760286478846887,1.1920928955078125e-07,11.15,3.3229588e-07,11.15,10.560002,-2.015,-4.83,0.8,184.3,435.25,5.441873860264283,5.000116
2007-02-25,18702.402468565946,47.337393308147014,0.23156179204000032,1.1920928955078125e-07,8.058487,0.011512961,8.07,10.560002,-0.815,-2.43,0.8,112.83,517.9,5.110600877960764,4.735344
2007-02-26,18710.56299911813,42.177030889249636,0.19159929516370688,1.1920928955078125e-07,7.37,2.1964311e-07,7.37,10.655997,-2.0,-5.28,1.28,216.14,426.68,4.818028651900246,4.3687367
2007-02-27,18719.520746552746,37.325500579477165,0.1498009142495113,1.1920928955078125e-07,7.78,1.1920929e-07,7.78,10.655997,-3.745,-6.54,-0.95,186.1,382.29,4.558259323584652,4.0632305
2007-02-28,18729.801877373808,32.75053003141317,0.11822502939472854,1.1920928955078125e-07,12.41,1.1920929e-07,12.41,10.752,-5.34,-7.18,-3.5,143.68,367.65,4.326142306917575,3.9308445
2007-03-01,18741.922084132722,28.41978117032612,0.10179266388491084,1.1920928955078125e-07,13.27,1.1920929e-07,13.27,10.848,-5.57,-7.96,-3.18,193.06,346.67,4.117316507167778,3.7169902
2007-03-02,18756.122861025167,24.298708398025408,0.1012109300029059,1.1920928955078125e-07,15.23,1.1920929e-07,15.23,10.848,-3.475,-6.84,-0.11,248.79,371.11,3.9279684527586443,3.8493762
2007-03-03,18770.16685730357,23.99999898267668,0.13448534232066361,1.1920928955078125e-07,0.0074826526,20.162518,20.17,10.9439945,0.63,-2.79,4.05,246.31,503.79,3.914587241108729,5.9471846
2007-03-04,18769.90264148247,30.27767403391576,0.2328429553558799,0.8633533716201782,1.1920929e-07,1.1920929e-07,0.0,10.9439945,5.32,2.65,7.99,266.5,736.17,4.205638991012693,5.9471846
2007-03-05,18768.969405876698,28.117755656515467,0.21827384025496185,0.86652010679245,1.1920929e-07,2.54,2.54,11.04,5.33,1.95,8.71,318.85,705.3,4.103134810213916,6.588747
2007-03-06,18767.560311165493,26.073531150024937,0.2435922762955844,1.761135458946228,1.1920929e-07,1.1920929e-07,0.0,11.046422,8.155,3.84,12.47,370.05,802.57,4.008423361790326,6.945171
2007-03-07,18766.350018871417,26.008909409773416,0.19063348723186377,0.5514255166053772,1.1920929e-07,6.06,6.06,11.136003,4.335,-1.13,9.8,309.25,573.83,4.005465272557989,8.014442
2007-03-08,18767.147839501715,29.2251820601361,0.15700605607342988,1.1920928955078125e-07,8.948176,1.2718242,10.22,11.2319975,-0.355,-2.55,1.84,182.17,518.01,4.155374438608443,7.647835
2007-03-09,18771.710344268853,27.91379909313553,0.16365450079614358,1.1920928955078125e-07,0.00013310612,5.899867,5.9,11.2319975,0.91,-1.12,2.94,189.35,571.84,4.0935856110939595,6.598931
2007-03-10,18771.69826466436,38.36681990951457,0.26287922704329736,0.1511828491782552,1.1920929e-07,24.95,24.95,11.328,3.075,1.34,4.81,151.09,678.49,4.61280848155151,6.639665
2007-03-11,18771.044879670277,66.03483757305236,0.5431028051652588,1.020108938217163,1.1920929e-07,38.92,38.92,11.328,5.815,4.11,7.52,151.79,824.05,6.327575526336302,20.876247
2007-03-12,18770.400950485317,93.24697727224589,0.6369687008974515,0.09437836708369618,1.1920929e-07,26.39,26.39,11.424,2.905,-1.43,7.24,301.63,574.3,8.634704147660281,25.662508
2007-03-13,18770.490706245804,95.43249717871451,0.5191179323895475,1.1920928955078125e-07,1.1920929e-07,1.1920929e-07,0.0,11.520002,-0.54,-4.53,3.45,398.2,450.48,8.85300450879547,16.293655
2007-03-14,18774.260673826982,86.72833819093415,0.4277331798828904,1.1920928955078125e-07,7.42,2.2113323e-07,7.42,11.520002,-1.94,-5.78,1.9,294.73,410.83,8.015044360996738,11.507395
2007-03-15,18781.263617446006,79.03004383941968,0.44707964606453826,1.1920928955078125e-07,2.3475866,4.4924135,6.84,11.615997,-0.095,-5.51,5.32,334.65,413.98,7.340263751378848,8.75784
2007-03-16,18780.86520193884,74.91483910104996,0.7127761812322936,1.6043798923492432,1.1920929e-07,1.1920929e-07,0.0,11.615997,7.66,2.02,13.3,442.16,704.94,7.003167545124166,7.647835
2007-03-17,18779.1176951292,76.09367349395416,0.7402158344912433,1.6724658012390137,1.1920929e-07,14.33,14.33,11.711994,7.875,4.5,11.25,237.79,840.13,7.098117390251317,7.9024234
2007-03-18,18777.753265178766,83.00847828403377,0.7146833441676435,1.0406930446624756,1.1920929e-07,13.23,13.23,11.808002,5.88,2.86,8.9,228.45,758.48,7.68157442754803,11.40556
2007-03-19,18777.081889441964,88.98872829631578,0.652908714769193,0.2790408379098608,1.1920929e-07,14.64,14.64,11.808002,3.475,0.5,6.45,240.51,642.1,8.224710390077341,10.285371
2007-03-20,18781.81237313712,90.40793287270898,0.4727203975746033,1.1920928955078125e-07,15.279989,1.0929108e-05,15.28,11.903997,-1.575,-5.58,2.43,306.94,423.69,8.359144762369688,9.8983965
2007-03-21,18793.464987763957,82.01836375211957,0.40549647342503464,1.1920928955078125e-07,7.21,1.1920929e-07,7.21,11.903997,-2.37,-8.24,3.5,366.49,340.04,7.595176932166602,7.708936
2007-03-22,18796.01583567628,75.63253264510445,0.5059015580523752,1.1920928955078125e-07,1.1920929e-07,1.93,1.93,12.000006,1.87,-0.9,4.64,283.64,575.05,7.060822214541397,6.680399
2007-03-23,18796.018281616212,80.34389514932697,0.5615873696928658,1.1920928955078125e-07,1.1920929e-07,27.49,27.49,12.096,2.4,-0.45,5.25,245.37,600.76,7.451268245141144,7.515449
2007-03-24,18795.995765920856,119.4566348468301,0.8622580030331318,0.08403071906640669,1.1920929e-07,66.58,66.58,12.096,2.875,0.27,5.48,230.88,634.87,11.64887213204061,28.00472
2007-03-25,18795.982402511414,148.9867712266745,0.8577842116355896,1.1920928955078125e-07,0.0022778828,28.927723,28.93,12.192,0.785,-2.74,4.31,290.06,518.73,27.10005410321572,25.458838
2007-03-26,18798.188301335984,141.1310861194024,0.8008124828338623,1.1920928955078125e-07,8.188423,4.9615765,13.15,12.192,-0.21,-4.51,4.09,315.35,446.3,19.24436899594361,13.136761
2007-03-27,18809.822482089927,127.31823599744091,0.7343783577204338,1.1920928955078125e-07,12.80766,0.12233979,12.93,12.288,-0.625,-4.36,3.11,298.0,455.14,12.743489704339128,9.063346
2007-03-28,18820.478979355332,114.79869050477429,0.6460375824894562,1.1920928955078125e-07,8.09926,0.00073964597,8.1,12.383997,-1.09,-4.5,2.32,309.14,449.8,11.045210188294527,6.6702156
2007-03-29,18822.220740803572,105.84069412685118,0.8632785360058105,0.5545921921730042,1.1920929e-07,1.1920929e-07,0.0,12.383997,4.345,-1.43,10.12,486.64,552.78,9.970796273978607,5.478742
2007-03-30,18821.254769809417,95.81991828585481,0.8713631459843871,1.037526249885559,1.1920929e-07,1.1920929e-07,0.0,12.48,5.87,1.83,9.91,380.09,700.82,8.892273950389335,4.888097
2007-03-31,18821.091753663168,90.52040974228771,0.5929241240830353,1.1920928955078125e-07,7.467866e-05,7.369925,7.37,12.48,0.99,-3.2,5.18,320.95,504.49,8.369892658276102,4.8982806
2007-04-01,18824.79197995753,83.8697327079054,0.44209901024464743,1.1920928955078125e-07,3.55,1.1920929e-07,3.55,12.575997,-2.24,-6.27,1.79,339.1,394.0,7.75752644338481,4.5214896
2007-04-02,18830.5098280982,76.04698240383019,0.38397652275775296,1.1920928955078125e-07,6.16,1.1920929e-07,6.16,12.672003,-2.955,-6.59,0.68,302.67,387.92,7.094332261089288,4.124332
2007-04-03,18834.064516242874,69.03929933192113,0.41209867779474185,1.1920928955078125e-07,0.8466661,0.013333904,0.86,12.672003,-0.575,-6.76,5.61,495.2,374.6,6.548527470736866,3.7373574
2007-04-04,18834.066246994626,63.28649082099889,0.5195491826916561,0.440587726270536,1.1920929e-07,1.14,1.14,12.768,3.985,0.5,7.47,341.94,627.84,6.1319938244691095,3.5947878
2007-04-05,18833.136125976125,58.242315804419036,0.5898192370562966,1.4476243257522583,1.1920929e-07,1.1920929e-07,0.0,12.768,7.165,3.01,11.32,424.26,764.03,5.788627097684464,3.4216678
2007-04-06,18830.99137679353,53.86171290349002,0.7109163793624362,2.720670223236084,1.1920929e-07,1.1920929e-07,0.0,12.863997,11.185,6.26,16.11,421.72,947.72,5.50606938599649,3.6253386
2007-04-07,18828.489003437175,53.104597918012026,0.6160765321560081,2.0429790019989014,1.1920929e-07,6.17,6.17,12.953581,9.045,4.14,13.95,317.34,826.13,5.458651079762435,4.5011225
2007-04-08,18826.9766512123,56.15398626278957,0.5209367613584939,0.9520231485366821,1.1920929e-07,9.08,9.08,12.960006,5.6,1.44,9.76,316.17,692.51,5.652161328812112,5.438008
2007-04-09,18826.65425325939,65.97772184555127,0.45366576960410016,1.1920928955078125e-07,0.00013002992,21.17987,21.18,13.056003,1.04,-2.74,4.82,293.94,516.85,6.323448181976691,6.150855
2007-04-10,18834.07476865846,68.36399440017117,0.4235153501227858,1.1920928955078125e-07,11.607608,0.522392,12.13,13.056003,-0.47,-3.63,2.69,267.25,479.23,6.49820189417298,4.9491982
2007-04-11,18837.72455056092,66.7668694876601,0.4465279124632902,1.1920928955078125e-07,0.0057442635,5.6942554,5.7,13.152002,0.53,-3.41,4.47,310.77,482.7,6.380713366910855,4.226167
2007-04-12,18837.73756093425,62.96282724402134,0.41460078351881297,1.1920928955078125e-07,0.0067310957,0.7032689,0.71,13.152002,0.305,-3.47,4.08,389.6,480.48,6.109362383427417,3.7373574
2007-04-13,18837.739828063426,60.42581707704139,0.4185725289271156,1.1920928955078125e-07,0.00014113069,8.039859,8.04,13.248003,0.935,-2.75,4.62,304.12,509.44,5.934836809126932,3.5133197
2007-04-14,18837.73986625531,62.964453415616816,0.46499558398170476,1.1920928955078125e-07,2.6971102e-07,9.05,9.05,13.343994,1.765,-1.53,5.06,285.2,564.25,6.109475880752262,3.8493762
2007-04-15,18837.739981569768,60.78235257497075,0.4056648298991909,1.1920928955078125e-07,1.1920929e-07,1.1920929e-07,0.0,13.343994,0.29,-3.69,4.27,440.77,481.0,5.959059124156988,3.5438702
2007-04-16,18837.74066734943,60.19103135784749,0.43893400629295704,1.1920928955078125e-07,1.0058284e-06,11.249999,11.25,13.440002,1.475,-1.13,4.08,228.19,568.79,5.918939724327916,3.3707502
2007-04-17,18837.740304402254,64.23580963968699,0.43719553126891875,1.1920928955078125e-07,0.01821907,9.911781,9.93,13.440002,0.47,-2.85,3.79,294.03,508.73,6.198857497942001,3.4318514
2007-04-18,18838.952310724166,66.51367729952847,0.436496446247227,1.1920928955078125e-07,5.0725293,5.067471,10.14,13.536,-0.16,-3.88,3.56,320.08,473.66,6.3622839782122,3.4013007
2007-04-19,18845.153514437472,61.00928733851126,0.3826804952382142,1.1920928955078125e-07,4.0838666,0.006133702,4.09,13.536,-0.81,-5.35,3.73,361.77,429.52,5.974528084833999,3.309649
2007-04-20,18846.798003958953,54.92685875613204,0.35479033228525164,1.1920928955078125e-07,1.1920929e-07,1.1920929e-07,0.0,13.631997,-0.49,-4.78,3.8,458.79,437.4,5.573477950294615,3.1263454
2007-04-21,18846.863195058817,50.11217822655661,0.39910201151286184,1.1920928955078125e-07,1.1920929e-07,1.92,1.92,13.721575,2.465,-1.34,6.27,352.29,558.5,5.27519798843354,2.9226747
2007-04-22,18846.788249288205,47.30920822188575,0.39548262111039156,0.18353040035559864,1.1920929e-07,3.44,3.44,13.728,3.175,-0.25,6.6,284.4,610.67,5.108955594429747,2.892124
2007-04-23,18846.410620707593,44.05412671069424,0.4025787247559206,0.5720095634460449,1.1920929e-07,1.1920929e-07,0.0,13.824003,4.4,-0.85,9.65,512.71,581.26,4.922462187508373,2.8412063
2007-04-24,18845.722443394832,41.488166515936435,0.39260490610938426,0.7382655739784241,1.1920929e-07,3.87,3.87,13.824003,4.925,1.42,8.43,284.78,686.85,4.780261460108453,2.9837759
2007-04-25,18845.449875216673,39.43557322459137,0.3047385422531448,1.1920928955078125e-07,1.1920929e-07,1.67,1.67,13.919997,1.81,-0.56,4.18,270.2,599.25,4.669473649771844,3.1161618
2007-04-26,18845.39643389438,36.80847174313653,0.3142188861666968,0.21710309100588,1.1920929e-07,2.62,2.62,13.919997,3.28,0.86,5.7,235.54,661.84,4.531415080177221,3.065244
2007-04-27,18844.95496387721,33.70215089636196,0.3183454072114281,0.6638461947441101,1.1920929e-07,1.1920929e-07,0.0,14.016,4.69,2.34,7.04,285.65,734.61,4.373429867640897,3.0550606
2007-04-28,18844.165561564747,29.994276809775407,0.29599807747996276,0.8728536367416382,1.1920929e-07,1.1920929e-07,0.0,14.016,5.35,2.25,8.45,362.44,729.84,4.192045090620677,3.4013007
2007-04-29,18843.354122401877,26.412522018904664,0.2534615803223942,0.7065976858139038,1.1920929e-07,1.1920929e-07,0.0,14.111995,4.825,0.95,8.7,426.18,659.45,4.0239766465474,3.5133197
2007-04-30,18842.769208777674,22.807743655459088,0.20805939053101677,0.46592227843197165,1.1920929e-07,1.1920929e-07,0.0,14.111995,4.065,-0.61,8.74,477.32,585.27,3.8616306141868897,3.3605666
2007-05-01,18842.332297162633,21.061646347764615,0.19073858541948385,0.3994187195585397,1.1920929e-07,4.5,4.5,14.208003,3.855,0.2,7.51,305.13,625.37,3.7853640524545096,3.350383
2007-05-02,18842.158602352865,25.06841480067699,0.20560833619389332,1.1920928955078125e-07,1.1920929e-07,11.14,11.14,14.208003,2.385,-1.41,6.18,342.15,568.33,3.962659964966135,3.6762562
2007-05-03,18842.159920456957,29.62467326151976,0.23102393864438658,1.1920928955078125e-07,3.5643578e-07,5.9799995,5.98,14.304003,1.545,-2.55,5.64,363.2,516.48,4.174382074743244,3.4929526
2007-05-04,18842.159947459022,34.028670288140724,0.25594747896265174,1.1920928955078125e-07,9.478092e-05,11.439905,11.44,14.311055,1.01,-1.44,3.46,231.88,558.42,4.389773956939683,3.3198326
2007-05-05,18842.159670343513,38.986402775505475,0.310383728783805,1.1920928955078125e-07,2.2053719e-07,7.4,7.4,14.4,1.75,-2.28,5.78,392.11,522.03,4.645574378439825,3.1161618
2007-05-06,18842.054279579184,37.38029092773199,0.3452254708163521,0.42633707928034426,1.1920929e-07,1.1920929e-07,0.0,14.407056,3.94,0.56,7.32,413.85,638.82,4.561113352369043,2.9939594
2007-05-07,18840.7046697432,33.937373992615406,0.4607555300410036,2.2646536827087402,1.1920929e-07,0.19,0.19,14.496,9.745,4.17,15.32,550.11,831.45,4.385197934047131,3.6762562
2007-05-08,18838.296011937753,31.637977145373682,0.435042881429736,2.327989101409912,1.1920929e-07,1.1920929e-07,0.0,14.496,9.945,2.27,17.62,594.69,730.28,4.271505687914612,4.72516
2007-05-09,18836.61144397299,28.74958268570631,0.3198515152808837,1.256034016609192,1.1920929e-07,1.1920929e-07,0.0,14.592003,6.56,-0.36,13.48,586.68,603.58,4.132858425708186,5.3056216
2007-05-10,18835.127971683563,25.8515396680912,0.3118973420089839,1.6502981185913086,1.1920929e-07,1.1920929e-07,0.0,14.592003,7.805,2.22,13.39,532.67,720.11,3.9982707296288935,4.735344
2007-05-11,18833.29446347903,23.434167927688236,0.3071802829092173,2.025561571121216,1.1920929e-07,1.1920929e-07,0.0,14.688,8.99,4.1,13.88,477.88,819.48,3.889364679560941,4.460388
2007-05-12,18831.437704312488,21.1627417861604,0.25050385450908086,1.5252103805541992,1.1920929e-07,1.1920929e-07,0.0,14.688,7.41,3.21,11.61,439.22,772.71,3.7897383604492973,4.3891034
2007-05-13,18830.754875660852,24.411069849331934,0.21976230986227852,0.18353040035559864,1.1920929e-07,13.15,13.15,14.784,3.175,-1.13,7.48,361.46,575.16,3.933013711336174,4.399287
2007-05-14,18829.783503930368,27.610125487327686,0.34779754611980185,1.7975536584854126,1.1920929e-07,1.1920929e-07,0.0,14.784,8.27,0.95,15.59,576.55,645.78,4.079408845677014,3.900294
2007-05-15,18827.177876668095,25.786708804082892,0.4432650035364586,3.323941707611084,1.1920929e-07,1.1920929e-07,0.0,14.873578,13.09,5.9,20.28,559.71,921.02,3.9953105877644077,4.2159834
2007-05-16,18824.424978179704,24.18683682682875,0.3102332136444472,1.8545554876327515,1.1920929e-07,1.1920929e-07,0.0,14.88,8.45,2.77,14.13,489.08,756.94,3.9229516205890316,5.101951
2007-05-17,18822.93111063626,21.541189519632045,0.24418099551216838,1.2497005462646484,1.1920929e-07,1.1920929e-07,0.0,14.887058,6.54,1.07,12.01,526.61,668.13,3.806158378201993,4.8779135
2007-05-18,18821.174787442807,19.286863059791102,0.2605140341655177,2.0778136253356934,1.1920929e-07,1.1920929e-07,0.0,14.975997,9.155,2.53,15.78,565.32,736.12,3.7093879417535978,4.358553
2007-05-19,18819.54682801425,18.84170138145743,0.20977560984840712,1.134113073348999,1.1920929e-07,4.94,4.94,14.975997,6.175,2.22,10.13,313.79,730.92,3.6905715859078994,4.2058
2007-05-20,18818.987206660302,24.332606821490593,0.21634861769246827,0.026523710607384565,1.1920929e-07,13.05,13.05,15.071998,2.705,-0.41,5.82,258.85,605.41,3.9294898790606188,4.103965
2007-05-21,18818.98446380021,37.563902728585376,0.31354891708332205,1.1920928955078125e-07,6.6190955e-07,22.21,22.21,15.071998,1.775,-1.86,5.41,304.95,545.01,4.570690724317862,4.287268
2007-05-22,18818.847122367733,44.20060116903452,0.43078514612413027,0.4675057050564746,1.1920929e-07,1.1920929e-07,0.0,15.071998,4.07,0.5,7.64,399.78,647.98,4.930705979640889,3.9919457
2007-05-23,18817.98179352792,39.80685466678237,0.4654977561676582,1.3098692893981934,1.1920929e-07,1.1920929e-07,0.0,15.168,6.73,2.22,11.24,449.88,722.43,4.6893214265650665,3.767908
2007-05-24,18816.581818411258,36.160594270038175,0.43716153056070667,1.4713751077651978,1.1920929e-07,1.1920929e-07,0.0,15.168,7.24,2.59,11.89,455.75,743.1,4.4980002034831355,3.6457055
2007-05-25,18814.411394726278,33.424801836186475,0.5290107330521494,2.803006172180176,1.1920929e-07,1.1920929e-07,0.0,15.175058,11.445,7.14,15.75,406.64,1010.8,4.359594829471154,3.8901105
2007-05-26,18811.542099239883,31.461429877170854,0.4842613470894787,2.6335835456848145,1.1920929e-07,1.1920929e-07,0.0,15.263997,10.91,6.22,15.6,457.49,955.97,4.262899250042049,4.2159834
2007-05-27,18809.68932372726,28.686580882364574,0.31948292711194193,1.0438597202301025,1.1920929e-07,1.1920929e-07,0.0,15.263997,5.89,1.27,10.51,465.7,690.96,4.129884935149291,4.5724072
2007-05-28,18809.331015343418,25.588450003325345,0.2351598016782398,0.1264847260688935,1.1920929e-07,1.55,1.55,15.271052,3.0,-1.47,7.47,417.49,567.67,3.986271790871147,4.2465343
2007-05-29,18808.15102435649,23.294417304364224,0.342004873668532,2.365990400314331,1.1920929e-07,1.1920929e-07,0.0,15.359997,10.065,4.53,15.6,478.93,842.55,3.8831602033960313,4.1345153
2007-05-30,18804.778229928917,22.401690541488772,0.46514643052989046,4.133054256439209,1.1920929e-07,1.1920929e-07,0.0,15.359997,15.645,10.35,20.94,447.04,1268.22,3.843758908544271,4.7658944
2007-05-31,18800.59427955096,22.276129075584965,0.4646491923532784,4.156805038452148,1.1920929e-07,1.1920929e-07,0.0,15.359997,15.72,10.06,21.38,454.36,1244.49,3.8382493042548793,5.712963
2007-06-01,18796.531080731493,22.049817438977296,0.45026724341370833,4.015882968902588,1.1920929e-07,1.1920929e-07,0.0,15.449575,15.275,9.7,20.85,458.65,1215.77,3.828338746212793,5.987919
2007-06-02,18792.363136891527,21.931041659767363,0.4767552853321117,4.34047794342041,1.1920929e-07,1.1920929e-07,0.0,15.456,16.3,11.15,21.45,428.56,1332.34,3.823147603512323,6.7618675
2007-06-03,18787.79734733539,22.167864152642835,0.5236898466327095,4.779077053070068,1.1920929e-07,1.1920929e-07,0.0,15.456,17.685,12.12,23.25,452.81,1409.28,3.8335050086608806,8.981878
2007-06-04,18783.415584872513,24.72624456867416,0.46937184200889437,3.6358695030212402,1.1920929e-07,6.08,6.08,15.456,14.075,7.91,20.24,382.73,1089.18,3.947200309137801,10.091884
2007-06-05,18780.939033215815,31.834513705945017,0.3820473303314985,1.3288700580596924,1.1920929e-07,12.1,12.1,15.505464,6.79,2.24,11.34,327.41,745.03,4.28110701606467,8.829125
2007-06-06,18780.328274279887,38.68136519019253,0.3686726910380894,0.2139161066266908,1.1920929e-07,8.75,8.75,15.552,3.27,-0.18,6.72,276.43,624.63,4.629413847688922,5.723147
2007-06-07,18779.99311544616,41.7015444981646,0.41881228101068163,0.4611720925939977,1.1920929e-07,6.79,6.79,15.552,4.05,1.43,6.67,214.19,697.38,4.791928213624474,4.531673
2007-06-08,18779.43528921141,40.01528120039028,0.41898232546936154,0.6590960621833801,1.1920929e-07,1.1920929e-07,0.0,15.552,4.675,2.17,7.18,296.62,734.14,4.700500337273676,4.0835977
2007-06-09,18778.475209494547,39.55098096627459,0.4621074606420461,1.184781551361084,1.1920929e-07,7.96,7.96,15.552,6.335,3.47,9.2,244.8,801.08,4.6756340443296915,4.1446986
2007-06-10,18777.457325124476,46.131706865016305,0.5022031652990717,0.8427693247795105,1.1920929e-07,13.21,13.21,15.559052,5.255,2.47,8.04,245.58,754.64,5.040691060614248,5.2445207
2007-06-11,18776.8066525592,53.404829422714464,0.5452370781804529,0.5118406996916818,1.1920929e-07,10.07,10.07,15.641572,4.21,0.19,8.23,315.79,635.93,5.477405598648099,5.366723
2007-06-12,18776.094768421135,52.49761310206757,0.593091106645164,0.9931913018226624,1.1920929e-07,1.1920929e-07,0.0,15.647997,5.73,0.05,11.41,534.84,624.05,5.420930564150523,4.2465343
2007-06-13,18774.85143842263,47.88412433458661,0.5950773101041982,1.4539577960968018,1.1920929e-07,1.1920929e-07,0.0,15.647997,7.185,1.95,12.42,512.03,723.67,5.142620927467155,4.317819
2007-06-14,18773.55642240408,43.60909899645517,0.5011807238063365,1.075527548789978,1.1920929e-07,1.1920929e-07,0.0,15.647997,5.99,1.78,10.2,458.99,716.02,4.897499848951456,4.4094706
2007-06-15,18772.20939761012,42.44399043657361,0.5390861335958836,1.5600448846817017,1.1920929e-07,5.85,5.85,15.647997,7.52,3.96,11.08,290.32,828.68,4.832744882457256,4.399287
2007-06-16,18770.958637559517,44.67467753871384,0.49694542946160225,0.9187719821929932,1.1920929e-07,6.9,6.9,15.647997,5.495,3.07,7.92,205.63,783.13,4.957482449409601,4.4298377
2007-06-17,18770.191998806797,47.672528984459916,0.5004046402479352,0.6416786909103394,1.1920929e-07,8.56,8.56,15.647997,4.62,2.94,6.3,151.68,771.69,5.130204828428597,4.5724072
2007-06-18,18769.57837244674,46.94289140678424,0.5006705777355251,0.7176814675331116,1.1920929e-07,1.1920929e-07,0.0,15.647997,4.86,2.08,7.64,342.25,727.25,5.087620237523245,4.1446986
2007-06-19,18768.03148936638,42.955821982736644,0.6608932310145347,2.5069124698638916,1.1920929e-07,1.1920929e-07,0.0,15.647997,10.51,4.53,16.49,537.07,842.21,4.8610855822967585,4.287268
2007-06-20,18764.950386163557,40.52741582333121,0.7482827298329083,3.4300289154052734,1.1920929e-07,1.1920929e-07,0.0,15.647997,13.425,6.58,20.27,562.73,975.09,4.728081884780497,5.234337
2007-06-21,18761.77738351593,38.33519557193954,0.6217154591294334,2.77133846282959,1.1920929e-07,1.1920929e-07,0.0,15.647997,11.345,5.01,17.68,554.65,896.31,4.611142279186634,5.5805774
2007-06-22,18759.55346784823,35.456002034860525,0.4627586242273543,1.693049669265747,1.1920929e-07,1.1920929e-07,0.0,15.647997,7.94,3.74,12.14,454.04,825.69,4.461939852443549,4.9491982
2007-06-23,18758.235696301792,33.36028514127634,0.38201066501555175,1.0581103563308716,1.1920929e-07,3.68,3.68,15.647997,5.935,1.74,10.13,363.33,712.74,4.356382814675622,4.124332
2007-06-24,18757.260005451844,37.332615967243356,0.4133586566898872,0.896604597568512,1.1920929e-07,12.14,12.14,15.647997,5.425,0.94,9.91,356.18,677.26,4.5586298631490925,4.012313
2007-06-25,18756.45829514969,46.989876574196465,0.5001740852884223,0.7081810832023621,1.1920929e-07,14.48,14.48,15.647997,4.83,0.51,9.15,368.94,652.48,5.090351801393043,4.1446986
2007-06-26,18754.505728550746,50.318070284006765,0.8998816514300908,3.266939401626587,1.1920929e-07,1.1920929e-07,0.0,15.647997,12.91,7.26,18.56,493.03,1018.22,5.287620475327786,3.615155
2007-06-27,18751.142160524243,46.811382829361186,0.8502489778441974,3.346108913421631,1.1920929e-07,1.1920929e-07,0.0,15.647997,13.16,8.06,18.26,447.56,1080.68,5.0799825496233515,3.8697433
2007-06-28,18747.940833957655,48.0438878477451,0.8136237200368917,2.9898462295532227,1.1920929e-07,7.52,7.52,15.647997,12.035,8.12,15.95,308.92,1099.54,5.152015517517102,4.531673
2007-06-29,18745.408993684054,52.72329415880731,0.7391171181289885,2.044562578201294,1.1920929e-07,8.11,8.11,15.647997,9.05,5.08,13.02,317.75,901.44,5.434924769791529,5.998102
2007-06-30,18743.713613965672,54.94326029365546,0.6868160996310676,1.4824588298797607,1.1920929e-07,5.11,5.11,15.647997,7.275,1.88,12.67,399.68,713.08,5.5745223599323115,4.8066287
2007-07-01,18741.52172344659,53.009022992439114,0.8879315706204037,2.934427499771118,1.1920929e-07,1.1920929e-07,0.0,15.647997,11.86,6.82,16.9,474.91,989.05,5.45269429968685,4.185433
2007-07-02,18738.451933494103,49.85919317016953,0.8802314638609505,3.216271162033081,1.1920929e-07,1.1920929e-07,0.0,15.601469,12.75,6.57,18.93,543.01,981.14,5.259974101899383,4.1446986
2007-07-03,18735.044151678918,47.20138073390207,0.8988086979857218,3.620035409927368,1.1920929e-07,1.1920929e-07,0.0,15.552,14.025,8.66,19.39,483.75,1132.52,5.102666132544839,4.7047935
2007-07-04,18730.826605831135,45.38344779044134,1.068846823735852,4.729992389678955,1.1920929e-07,1.1920929e-07,0.0,15.552,17.53,11.84,23.22,485.17,1381.43,4.997786197029368,5.7536974
2007-07-05,18725.93221932437,44.225949415886724,1.0769628394333046,4.907331943511963,1.1920929e-07,1.1920929e-07,0.0,15.552,18.09,10.78,25.4,554.28,1296.66,4.932134015951927,7.423797
2007-07-06,18721.461400282722,42.82254929535562,0.8850880873283311,4.044384002685547,1.1920929e-07,1.1920929e-07,0.0,15.552,15.365,9.61,21.12,495.95,1205.11,4.853690156414431,7.7191195
2007-07-07,18717.78862917793,40.88713760492115,0.7415256446300714,3.3698596954345703,1.1920929e-07,1.1920929e-07,0.0,15.552,13.235,7.93,18.54,459.32,1071.18,4.747551784962842,6.486912
2007-07-08,18714.501965383515,38.77513675641946,0.6827052529222919,3.247939109802246,1.1920929e-07,1.1920929e-07,0.0,15.463053,12.85,7.2,18.5,498.72,1024.52,4.634375760738317,5.499109
2007-07-09,18711.291369331266,36.74569396193062,0.6394834891195008,3.190936803817749,1.1920929e-07,1.1920929e-07,0.0,15.456,12.67,7.42,17.92,473.75,1042.95,4.528166426482903,5.4889255
2007-07-10,18707.090519714355,35.68863070668065,0.933618701067906,5.323763370513916,1.1920929e-07,1.1920929e-07,0.0,15.456,19.405,14.51,24.3,405.04,1636.28,4.473813482003407,6.4054437
2007-07-11,18701.204347334507,36.05315829359262,1.1123993840793658,6.221545219421387,1.1920929e-07,1.1920929e-07,0.0,15.456,22.24,16.59,27.89,422.69,1853.34,4.492482961262253,7.0877404
2007-07-12,18695.15083706255,36.51727911250409,1.0178027609697704,5.697442531585693,1.1920929e-07,1.1920929e-07,0.0,15.367059,20.585,13.95,27.22,504.94,1567.5,4.516365950000996,8.004258
2007-07-13,18690.299220925146,35.99006895212474,0.7516141237398518,4.163138389587402,1.1920929e-07,1.1920929e-07,0.0,15.359997,15.74,10.47,21.01,466.53,1274.48,4.48924624022559,9.063346
2007-07-14,18685.99410330072,35.069453588477124,0.7712328453856762,4.433897972106934,1.1920929e-07,1.1920929e-07,0.0,15.359997,16.595,11.3,21.89,454.04,1337.06,4.442279630288793,7.759854
2007-07-15,18681.691263730765,34.207793276176766,0.7082678696796384,4.120386600494385,1.1920929e-07,1.1920929e-07,0.0,15.353575,15.605,10.59,20.62,446.0,1299.39,4.398765976485481,7.250677
2007-07-16,18677.881964086257,32.992052636137245,0.6049394084307403,3.5218653678894043,1.1920929e-07,1.1920929e-07,0.0,15.263997,13.715,8.44,18.99,462.79,1124.19,4.3380953146603645,5.70278
2007-07-17,18674.27459729897,31.685200647068815,0.5980294242195104,3.6707041263580322,1.1920929e-07,1.1920929e-07,0.0,15.263997,14.185,10.4,17.97,337.99,1273.94,4.273810713034923,4.9491982
2007-07-18,18671.051714964593,36.65316957448074,0.58161297481719,2.7887556552886963,1.1920929e-07,13.78,13.78,15.257575,11.4,8.25,14.55,237.1,1125.03,4.523382677003744,7.8515058
2007-07-19,18668.399990197577,41.02796295744724,0.6163394442373411,2.543330192565918,1.1920929e-07,0.18,0.18,15.168,10.625,6.28,14.97,405.97,969.66,4.755195760406456,6.588747
2007-07-20,18665.91955222196,42.85253021601894,0.6340386983131868,2.46732759475708,1.1920929e-07,8.7,8.7,15.168,10.385,8.15,12.62,163.72,1102.89,4.855352844265678,5.7435136
2007-07-21,18663.146749170966,47.59659595057704,0.7970048736490327,3.092766523361206,1.1920929e-07,6.06,6.06,15.161578,12.36,8.96,15.76,253.29,1167.42,5.125756504164596,6.354526
2007-07-22,18659.939046871295,47.58832751352913,0.8263746516571658,3.308107614517212,1.1920929e-07,0.03,0.03,15.071998,13.04,11.44,14.64,166.74,1364.08,5.125272353850331,9.053163
2007-07-23,18656.56409355184,44.9217011862127,0.7949442118976645,3.4046945571899414,1.1920929e-07,1.1920929e-07,0.0,15.071998,13.345,10.31,16.38,316.39,1276.96,4.971492250977577,9.704909
2007-07-24,18653.68935021234,42.85486323010806,0.6036772450955429,2.2836544513702393,1.1920929e-07,1.29,1.29,14.983053,9.805,6.25,13.36,327.54,969.44,4.855482252907395,6.812785
2007-07-25,18651.13608110234,40.626776725197814,0.6460136586624373,2.893259286880493,1.1920929e-07,1.1920929e-07,0.0,14.975997,11.73,5.97,17.49,495.84,925.62,4.733451786725436,5.254704
2007-07-26,18647.714018766786,38.68515655970009,0.7413856258051491,3.84804368019104,1.1920929e-07,1.1920929e-07,0.0,14.975997,14.745,9.12,20.37,477.71,1154.08,4.6296143645319106,5.56021
2007-07-27,18643.95008970962,37.150368004941754,0.6733188770156558,3.5931177139282227,1.1920929e-07,1.1920929e-07,0.0,14.88,13.94,7.6,20.28,510.89,1042.44,4.54914864099391,5.499109
2007-07-28,18640.197835440405,35.71459950293087,0.6838202945967513,3.876544713973999,1.1920929e-07,1.1920929e-07,0.0,14.88,14.835,9.36,20.31,461.37,1176.89,4.475140917567548,5.2954383
2007-07-29,18636.860796570712,34.0148823553732,0.5299390322079358,2.855257987976074,1.1920929e-07,1.1920929e-07,0.0,14.784,11.61,7.53,15.69,390.73,1069.2,4.389082561604269,5.3769064
2007-07-30,18634.38419603262,31.682742148882657,0.4307856427452839,2.1744003295898438,1.1920929e-07,1.1920929e-07,0.0,14.784,9.46,5.08,13.84,406.29,890.31,4.273690680656812,4.735344
2007-07-31,18632.023869840123,29.398060106374068,0.44691792012826626,2.7475876808166504,1.1920929e-07,1.1920929e-07,0.0,14.737467,11.27,6.17,16.37,436.41,942.1,4.163589262773891,4.6742425
2007-08-01,18628.549807706506,28.237894922044095,0.5620397513205101,4.145720958709717,1.1920929e-07,1.1920929e-07,0.0,14.688,15.685,10.24,21.13,426.84,1227.83,4.108770124675916,5.234337
2007-08-02,18624.1572728323,27.94368686950367,0.5789451107131981,4.357895374298096,1.1920929e-07,1.1920929e-07,0.0,14.681575,16.355,10.6,22.11,435.33,1245.63,4.094983558912677,5.6416783
2007-08-03,18620.435189381984,27.0801578423181,0.4377847604244548,3.108600616455078,1.1920929e-07,1.1920929e-07,0.0,14.592003,12.41,6.79,18.03,460.03,970.73,4.054785225826462,4.755711
2007-08-04,18617.686675145844,25.41428124827045,0.37043465270995496,2.5860819816589355,1.1920929e-07,1.1920929e-07,0.0,14.592003,10.76,6.48,15.04,398.15,976.75,3.9783481551828475,4.0835977
2007-08-05,18614.961980171167,23.830551789138955,0.36518214086732786,2.8710920810699463,1.1920929e-07,1.1920929e-07,0.0,14.496,11.66,6.83,16.49,443.49,1004.26,3.907016830930584,4.0632305
2007-08-06,18611.92272425525,22.623534125683385,0.3694915812389549,3.194103717803955,1.1920929e-07,1.1920929e-07,0.0,14.496,12.68,8.59,16.77,389.21,1130.04,3.8535126848119488,4.55204
2007-08-07,18609.147670948965,21.24058815262002,0.2897687325334125,2.321655750274658,1.1920929e-07,1.1920929e-07,0.0,14.4,9.925,7.12,12.73,277.46,1033.5,3.79311014669989,4.5113063
2007-08-08,18606.971419088404,21.654112441245214,0.2801607804328534,2.0588130950927734,1.1920929e-07,4.56,4.56,14.4,9.095,6.69,11.5,192.34,1009.05,3.8110716235665545,4.5927744
2007-08-09,18604.981205475124,21.813330567467972,0.27314559610519784,1.930558204650879,1.1920929e-07,1.1920929e-07,0.0,14.304003,8.69,4.61,12.77,408.27,872.74,3.818009938116982,4.03268
2007-08-10,18603.058695391246,19.70803740893211,0.24757768528453217,1.9463921785354614,1.1920929e-07,1.1920929e-07,0.0,14.304003,8.74,3.87,13.61,452.64,816.1,3.727278699194691,3.6457055
2007-08-11,18600.774723994255,18.05061637183983,0.2554516596949449,2.571831464767456,1.1920929e-07,1.1920929e-07,0.0,14.208003,10.715,5.87,15.56,420.84,913.36,3.657368751564706,3.5846043
2007-08-12,18598.411044003966,16.551006593365113,0.2162738256363287,2.1744003295898438,1.1920929e-07,1.1920929e-07,0.0,14.208003,9.46,4.57,14.35,439.39,843.82,3.5952458715521636,3.2994654
2007-08-13,18596.155158349084,15.035188682367242,0.20894659211934294,2.514829158782959,1.1920929e-07,1.1920929e-07,0.0,14.111995,10.535,5.99,15.08,436.64,943.87,3.5335238550426564,3.2383642
2007-08-14,18592.906641102505,14.52932149248295,0.2714210956078144,4.023799896240234,1.1920929e-07,1.1920929e-07,0.0,14.111995,15.3,10.22,20.38,419.56,1215.97,3.5131623641201637,4.4400215
2007-08-15,18588.298750090216,15.30201932495233,0.3388319629214313,4.954833507537842,1.1920929e-07,1.1920929e-07,0.0,14.016,18.24,12.03,24.45,471.72,1338.97,3.5443114630615082,4.9390144
2007-08-16,18584.15684797253,15.590155495392702,0.24500785485592125,3.17193603515625,1.1920929e-07,1.1920929e-07,0.0,14.009578,12.61,7.41,17.81,418.79,1013.24,3.555997411541785,4.460388
2007-08-17,18581.355778257614,14.631481334072786,0.20050628243463653,2.5132458209991455,1.1920929e-07,1.1920929e-07,0.0,13.919997,10.53,5.52,15.54,437.6,905.11,3.5172648889513485,3.4318514
2007-08-18,18578.879939972074,16.772843826116443,0.22422214294753423,2.4214091300964355,1.1920929e-07,6.97,6.97,13.831053,10.24,5.52,14.96,305.86,912.66,3.6043687690688113,3.065244
2007-08-19,18576.809201312753,22.240204056465494,0.25759952051114543,1.7152173519134521,1.1920929e-07,7.63,7.63,13.824003,8.01,4.47,11.55,262.49,862.37,3.836674377338063,3.2587311
2007-08-20,18575.209943412792,27.509032905841195,0.30952303434442063,1.6075468063354492,1.1920929e-07,7.79,7.79,13.728,7.67,6.01,9.33,129.27,954.07,4.074700318321849,2.9023075
2007-08-21,18573.237102527575,31.08540735364991,0.40582999259307506,2.340656280517578,1.1920929e-07,4.12,4.12,13.728,9.985,7.79,12.18,163.84,1080.68,4.244626420701735,3.2892818
2007-08-22,18570.849532391643,30.542280132448422,0.4047224922756721,2.4499101638793945,1.1920929e-07,1.1920929e-07,0.0,13.631997,10.33,7.1,13.56,316.67,1036.51,4.218371316911458,3.442035
2007-08-23,18568.130070832263,28.67851186840022,0.41954117356518306,2.947094678878784,1.1920929e-07,1.1920929e-07,0.0,13.631997,11.9,7.53,16.27,395.03,1052.7,4.129504257187034,3.5540538
2007-08-24,18564.73880160077,27.526049182049956,0.46000750203313195,3.6627869606018066,1.1920929e-07,1.1920929e-07,0.0,13.536,14.16,9.12,19.2,396.15,1140.92,4.075492494441402,3.5438702
2007-08-25,18561.509185879702,26.757960943916885,0.3727974940285288,2.736503839492798,1.1920929e-07,0.92,0.92,13.536,11.235,6.38,16.09,394.86,958.85,4.039887858822086,3.767908
2007-08-26,18559.192413817014,25.18882329519862,0.2951252212902955,1.909974217414856,1.1920929e-07,1.1920929e-07,0.0,13.440002,8.625,4.28,12.97,399.88,856.5,3.968114553541634,2.9939594
2007-08-27,18557.53673200148,22.67175515927476,0.2461166733029273,1.5711286067962646,1.1920929e-07,1.1920929e-07,0.0,13.343994,7.555,3.44,11.67,372.79,794.97,3.855636087040863,2.7902887
2007-08-28,18555.52690023363,20.619443890197104,0.2807132692724456,2.692168951034546,1.1920929e-07,1.1920929e-07,0.0,13.343994,11.095,5.86,16.33,408.59,912.6,3.7662896197316056,3.1365287
2007-08-29,18551.78235411742,20.271914666225925,0.4067026048221503,4.729992389678955,1.1920929e-07,1.1920929e-07,0.0,13.248003,17.53,11.76,23.3,407.74,1345.06,3.7513663994972237,4.093781
2007-08-30,18546.840344420354,21.015454843651874,0.42516106682982296,4.774326801300049,1.1920929e-07,1.1920929e-07,0.0,13.248003,17.67,11.73,23.61,403.01,1334.69,3.783367068803324,5.4685583
2007-08-31,18542.684501320615,21.004911380469526,0.33257091545301387,3.532949209213257,1.1920929e-07,1.1920929e-07,0.0,13.152002,13.75,8.54,18.96,388.88,1109.27,3.782911394074264,4.796445
2007-09-01,18539.694975892508,19.937880771074084,0.26127136193891976,2.5734148025512695,1.1920929e-07,1.1920929e-07,0.0,13.152002,10.72,4.48,16.96,460.79,840.98,3.7370784145984772,3.6049714
2007-09-02,18536.619093870344,19.020988087691574,0.30896404571520875,3.702371835708618,1.1920929e-07,1.1920929e-07,0.0,13.056003,14.285,9.23,19.34,374.94,1163.58,3.6981382749714573,3.6049714
2007-09-03,18532.808714584073,18.830108393233957,0.3066091079480797,3.753040313720703,1.1920929e-07,1.1920929e-07,0.0,12.960006,14.445,9.57,19.32,361.29,1188.95,3.6900828439730464,3.309649
2007-09-04,18529.482310053227,19.225186715467686,0.2661305186649556,2.9233438968658447,1.1920929e-07,2.03,2.03,12.960006,11.825,8.36,15.29,232.53,1121.27,3.706775255726648,3.8290093
2007-09-05,18526.815003573498,18.864242416909217,0.23694042099276225,2.4720776081085205,1.1920929e-07,1.1920929e-07,0.0,12.863997,10.4,7.37,13.43,270.28,1050.46,3.6915220653942895,3.879927
2007-09-06,18524.352290606814,17.93620576100708,0.22485598588641156,2.4625773429870605,1.1920929e-07,0.92,0.92,12.863997,10.37,6.51,14.23,333.24,997.29,3.652591582614487,3.7984586
2007-09-07,18522.100293222367,16.7661828499935,0.19245969525878823,2.0619795322418213,1.1920929e-07,1.1920929e-07,0.0,12.768,9.105,5.1,13.11,326.8,888.52,3.6040945043746744,3.0143263
2007-09-08,18519.891227777527,15.219347983789433,0.1896833697726869,2.508495807647705,1.1920929e-07,1.1920929e-07,0.0,12.672003,10.515,6.67,14.36,300.53,966.24,3.540965654178479,2.6884532
2007-09-09,18516.904422505166,14.480809247493193,0.21799569156140064,3.4648633003234863,1.1920929e-07,1.1920929e-07,0.0,12.672003,13.535,8.15,18.92,358.57,1027.71,3.511215890198421,2.719004
2007-09-10,18512.953360964726,14.679804582856324,0.26439842194104546,4.435481548309326,1.1920929e-07,1.1920929e-07,0.0,12.575997,16.6,11.42,21.78,350.6,1261.39,3.5192071178672406,3.1467123
2007-09-11,18508.147415313728,15.655784694231741,0.3149524322995614,5.021336078643799,1.1920929e-07,1.1920929e-07,0.0,12.575997,18.45,12.71,24.19,369.87,1347.55,3.558664520075028,3.5846043
2007-09-12,18503.456214498197,16.46541778723029,0.28649828024900187,4.294559955596924,1.1920929e-07,1.1920929e-07,0.0,12.48,16.155,10.64,21.67,358.65,1201.16,3.5917322693070814,3.6355221
2007-09-13,18499.202965154425,16.83266097880488,0.2807689858095228,4.114053249359131,1.1920929e-07,1.1920929e-07,0.0,12.383997,15.585,9.72,21.45,394.23,1123.13,3.6068326668419433,3.574421
2007-09-14,18495.564007763285,16.61087239349641,0.22904077735106085,3.133934736251831,1.1920929e-07,1.1920929e-07,0.0,12.383997,12.49,8.41,16.57,330.98,1099.48,3.5977055324595972,3.5947878
2007-09-15,18493.013784407984,15.380150423062453,0.16850202270707942,2.0208117961883545,1.1920929e-07,1.1920929e-07,0.0,12.288,8.975,5.63,12.32,291.86,936.08,3.547476428524785,3.3198326
2007-09-16,18491.198671500315,16.97985255376801,0.1726262517505916,1.653464913368225,1.1920929e-07,8.32,8.32,12.288,7.815,5.01,10.62,193.28,900.63,3.612902733625314,2.627352
2007-09-17,18489.79117076248,26.43474113153252,0.240547019566314,1.1531137228012085,1.1920929e-07,15.35,15.35,12.192,6.235,2.54,9.93,233.15,765.8,4.024998189461695,2.9634087
2007-09-18,18488.970919473206,31.002544318249,0.24361040635283904,0.4865064057096191,1.1920929e-07,1.1920929e-07,0.0,12.103056,4.13,0.94,7.32,276.27,671.06,4.240610232064956,1.8941375
2007-09-19,18488.587876807247,29.053525062601416,0.22709734170017787,0.4643388241307065,1.1920929e-07,3.88,3.88,12.096,4.06,0.62,7.5,238.15,646.62,4.1472336730051484,1.6191821
2007-09-20,18487.81446121407,27.193025548290343,0.2406085454569658,1.094528317451477,1.1920929e-07,1.1920929e-07,0.0,12.000006,6.05,3.28,8.82,221.41,776.46,4.060016854457829,1.6395491
2007-09-21,18486.348583621308,24.418653733442326,0.2487067260742417,1.7785528898239136,1.1920929e-07,1.1920929e-07,0.0,12.000006,8.21,3.71,12.71,318.34,799.17,3.9333544765822257,1.8228527
2007-09-22,18484.78809883563,21.875199259021688,0.19378121518786173,1.138863205909729,1.1920929e-07,1.1920929e-07,0.0,11.903997,6.19,1.17,11.21,358.0,676.09,3.820709422417407,2.0672576
2007-09-23,18484.16202302882,18.58635721842224,0.13715336994617097,0.26794211558228653,1.1920929e-07,1.1920929e-07,0.0,11.903997,3.44,0.66,6.22,216.39,650.23,3.679821656193566,1.4766126
2007-09-24,18483.597757802676,15.407532387373916,0.1296289426028856,0.9298557639122009,1.1920929e-07,1.1920929e-07,0.0,11.808002,5.53,1.65,9.41,283.46,688.39,3.5485862966537898,1.3747772
2007-09-25,18482.40106340063,12.981239945488419,0.1203135171466305,1.4365406036376953,1.1920929e-07,1.1920929e-07,0.0,11.711994,7.13,3.26,11.0,273.85,770.44,3.451577111335074,1.6497327
2007-09-26,18480.87189890569,10.985403610726735,0.10517936666481023,1.5948796272277832,1.1920929e-07,1.1920929e-07,0.0,11.711994,7.63,2.93,12.33,331.54,750.63,3.3737698406035643,2.01634
2007-09-27,18478.90345024371,9.81201381513659,0.10661178563442525,2.2583200931549072,1.1920929e-07,1.09,1.09,11.615997,9.725,4.69,14.76,323.48,822.06,3.3288467610855146,2.0061564
2007-09-28,18477.432887413634,14.85664601597474,0.11286821655738959,0.5213409636806219,1.1920929e-07,14.4,14.4,11.615997,4.24,-0.44,8.92,233.79,607.26,3.5263239537454325,2.2505612
2007-09-29,18477.316881020157,29.277063994661287,0.18387633651730062,1.1920928955078125e-07,1.2236834e-06,20.529999,20.53,11.520002,1.545,-0.71,3.8,133.6,592.32,4.1578380622817726,1.4664291
2007-09-30,18477.187657855313,34.051831377374796,0.24695961946909825,0.38041706068658243,1.1920929e-07,0.22,0.22,11.424,3.795,1.62,5.97,173.89,697.6,4.390935613977982,1.9552387
2007-10-01,18476.89078861054,37.37190047392984,0.26217619976185214,0.22347236020095718,1.1920929e-07,15.15,15.15,11.424,3.3,1.46,5.14,117.69,697.33,4.560676177855297,2.1589096
2007-10-02,18476.67519041147,54.92343035448657,0.3796321819850064,0.1931516022957389,1.1920929e-07,30.02,30.02,11.328,3.205,1.49,4.92,110.5,700.54,5.5732596628227045,4.2465343
2007-10-03,18476.623109275835,78.85090100693324,0.501978076316591,1.1920928955078125e-07,1.1920929e-07,26.9,26.9,11.328,1.99,-0.32,4.3,144.97,612.69,7.325257019867924,4.664059
2007-10-04,18476.62320634611,89.58419627361614,0.5536529838530303,1.1920928955078125e-07,3.3855437e-07,11.36,11.36,11.2319975,1.68,-1.36,4.72,188.43,564.85,8.280850902478587,3.5133197
2007-10-05,18476.623412782694,85.84012225556846,0.4875981927670365,1.1920928955078125e-07,1.1920929e-07,1.1920929e-07,0.0,11.136003,0.575,-2.41,3.56,253.44,526.66,7.934126891352573,2.6680863
2007-10-06,18476.62471851967,84.45938892605528,0.549984710466566,1.1920928955078125e-07,1.1920929e-07,14.9,14.9,11.136003,2.575,-0.46,5.61,189.71,598.37,7.8099594860535095,2.2912953
2007-10-07,18476.40358367475,91.0804780168974,0.6439368384110344,0.4215867933958819,1.1920929e-07,13.98,13.98,11.04,3.925,0.47,7.38,205.48,644.89,8.423616900039432,3.6253386
2007-10-08,18475.94402883049,92.93241267314623,0.6663232135738554,0.4880898325228813,1.1920929e-07,7.19,7.19,11.04,4.135,-1.23,9.5,254.57,572.21,8.603730201739664,3.9512117
2007-10-09,18474.676371317302,88.46293588017795,0.8450747128112462,1.9163079261779785,1.1920929e-07,1.1920929e-07,0.0,10.9439945,8.645,4.46,12.83,296.77,848.96,8.175455360148286,3.1568959
2007-10-10,18473.19210211267,88.54433984115508,0.6966860052131696,1.015358805656433,1.1920929e-07,15.35,15.35,10.848,5.8,1.68,9.92,219.1,713.69,8.183061753437173,3.2689147
2007-10-11,18472.533133584417,90.39767666962686,0.6267343831862324,0.41208620909980453,1.1920929e-07,5.24,5.24,10.848,3.895,-0.13,7.92,208.46,612.92,8.358165402398278,3.065244
2007-10-12,18472.002416334504,87.52744283906559,0.6427203100266013,0.7271817326545715,1.1920929e-07,5.31,5.31,10.752,4.89,2.4,7.38,143.17,732.66,8.088548664235839,2.606985
2007-10-13,18471.032384004317,82.2817606321116,0.6716552395303962,1.235450029373169,1.1920929e-07,1.1920929e-07,0.0,10.752,6.495,2.15,10.84,297.94,717.79,7.618065647980558,2.4440484
2007-10-14,18469.053112288217,76.16608123610649,0.7929664347886485,2.4752445220947266,1.1920929e-07,1.1920929e-07,0.0,10.655997,10.41,6.21,14.61,258.07,938.55,7.103991298393575,2.3931308
2007-10-15,18467.14988660499,70.5040686733699,0.5820604951627694,1.3336200714111328,1.1920929e-07,1.1920929e-07,0.0,10.655997,6.805,2.76,10.85,279.98,757.16,6.659029675704775,2.3931308
2007-10-16,18466.404967534334,64.26709607118737,0.4120122784557915,0.1690361245581542,1.1920929e-07,1.1920929e-07,0.0,10.560002,3.13,-0.68,6.94,264.45,590.93,6.20107347179483,2.3422132
2007-10-17,18466.39201699696,61.52439024398017,0.35194722996224603,1.1920928955078125e-07,2.5182962e-07,8.45,8.45,10.464,1.585,-0.94,4.11,135.4,579.69,6.009789146230723,1.9348717
2007-10-18,18466.385192787635,66.36055510013198,0.41395483437204367,0.0788270465595522,1.1920929e-07,14.48,14.48,10.464,2.86,-0.09,5.81,165.98,616.51,6.351164337685298,2.01634
2007-10-19,18466.378219820544,79.3859402381878,0.4601988965245478,1.1920928955078125e-07,1.1920929e-07,25.8,25.8,10.367997,1.915,-0.74,4.57,152.03,595.5,7.3701683351938545,3.2587311
2007-10-20,18466.39416283375,100.40767395897491,0.5226551725096827,1.1920928955078125e-07,0.21113457,32.908863,33.12,10.367997,0.345,-1.02,1.71,80.02,575.89,9.37075306261313,4.1345153
2007-10-21,18466.436036055322,122.74752501559826,0.7148799195325647,1.1920928955078125e-07,1.1920929e-07,32.19,32.19,10.272,2.12,-0.16,4.4,134.12,610.84,12.095150541056952,4.37892
2007-10-22,18466.229417947452,135.5415674439601,0.9446109993490738,0.6955139636993408,1.1920929e-07,19.46,19.46,10.272,4.79,2.9,6.68,107.02,760.46,13.993060961846185,4.2465343
2007-10-23,18463.925961233548,130.9639016564987,1.5959656415174415,3.5060315132141113,1.1920929e-07,1.1920929e-07,0.0,10.176,13.665,8.45,18.88,273.62,1116.02,13.285440329428008,4.623325
2007-10-24,18461.396295419072,119.75167186862595,0.998733332406244,1.6107133626937866,1.1920929e-07,1.1920929e-07,0.0,10.168944,7.68,2.07,13.29,288.32,720.03,11.688201034805795,4.5011225
2007-10-25,18460.901607449458,108.52948669894022,0.5578290978499996,1.1920928955078125e-07,1.1920929e-07,1.1920929e-07,0.0,10.08,0.57,-2.96,4.1,232.25,502.02,10.281820077617958,3.788275
2007-10-26,18460.81426265577,98.36865527768467,0.5908143854840568,0.12148239478845468,1.1920929e-07,1.1920929e-07,0.0,9.990422,2.985,-1.69,7.66,246.77,543.64,9.154995183688158,3.1059783
2007-10-27,18459.763544407677,90.02242213866634,0.7855460697187986,1.922641396522522,1.1920929e-07,1.1920929e-07,0.0,9.984,8.665,3.87,13.46,262.01,807.37,8.322411316456954,2.7699215
2007-10-28,18457.718025581304,83.28868472048022,0.7251388026819073,1.959059238433838,1.1920929e-07,1.1920929e-07,0.0,9.887998,8.78,3.82,13.74,254.46,807.51,7.706203211900669,2.545884
2007-10-29,18456.262169080084,76.68742536832892,0.5393962203904553,0.9219387769699097,1.1920929e-07,1.1920929e-07,0.0,9.887998,5.505,1.11,9.9,242.46,664.99,7.146427859480086,2.3829472
2007-10-30,18455.74368276506,69.85755250438623,0.4165424755571924,0.18353040035559864,1.1920929e-07,1.1920929e-07,0.0,9.792003,3.175,-1.58,7.93,245.17,547.53,6.610028460379425,2.2200108
2007-10-31,18455.43249747894,63.37301760969672,0.44200265295510766,0.9282723665237427,1.1920929e-07,1.1920929e-07,0.0,9.792003,5.525,1.34,9.71,226.33,666.23,6.138058202877341,2.01634
2007-11-01,18455.111719731107,57.3707495064748,0.3022352557654855,1.1920928955078125e-07,1.1920929e-07,1.1920929e-07,0.0,9.696003,1.495,-2.12,5.11,198.99,527.62,5.731276884333373,1.9756058
2007-11-02,18455.158652312413,51.48867795093762,0.28712083082559053,1.1920928955078125e-07,1.1920929e-07,1.1920929e-07,0.0,9.696003,2.33,-1.3,5.96,187.39,560.47,5.358807055899455,1.883954
2007-11-03,18454.71854694676,46.42328241998301,0.31974910968325837,0.9631069898605347,1.1920929e-07,1.1920929e-07,0.0,9.6,5.635,1.52,9.75,206.08,685.12,5.057509435804219,1.8737705
2007-11-04,18453.871356079242,42.0386711925638,0.2769942555387972,0.7509326934814453,1.1920929e-07,1.1920929e-07,0.0,9.6,4.965,1.57,8.36,175.67,691.98,4.810419169268365,1.883954
2007-11-05,18452.553732154014,38.35589159348468,0.31251130322623943,1.8276379108428955,1.1920929e-07,1.1920929e-07,0.0,9.504003,8.365,3.84,12.89,209.19,805.69,4.612232629533122,1.883954
2007-11-06,18450.680678753008,35.38265780155612,0.31756845515970816,2.3058218955993652,1.1920929e-07,1.1920929e-07,0.0,9.504003,9.875,5.29,14.46,213.79,898.23,4.458202818123113,1.8126693
2007-11-07,18448.875415807008,32.50922186144516,0.2497031850539353,1.5885459184646606,1.1920929e-07,1.1920929e-07,0.0,9.408,7.61,5.16,10.06,127.09,889.24,4.314232802598437,1.7923021
2007-11-08,18447.05364428397,29.80380192165166,0.2424008516380502,1.8688061237335205,1.1920929e-07,1.1920929e-07,0.0,9.408,8.495,5.52,11.47,152.69,908.16,4.182933156281565,1.9348717
2007-11-09,18445.42623450713,29.343463568401468,0.20909072885597227,1.2702845335006714,1.1920929e-07,5.79,5.79,9.318422,6.605,3.88,9.33,103.11,810.51,4.160993189849819,1.883954
2007-11-10,18444.777040462282,38.009609218260735,0.20922434797719527,0.035980815793645426,1.1920929e-07,19.15,19.15,9.312,2.735,-1.1,6.57,145.57,577.75,4.594022954853209,2.6477191
2007-11-11,18444.775068362087,45.48956096829334,0.22458530763730908,1.1920928955078125e-07,6.5445897e-06,6.099993,6.1,9.26253,1.215,-1.64,4.07,108.56,547.22,5.003848387661004,2.1792765
2007-11-12,18444.77409312027,50.634664990131924,0.25685487117191075,1.1920928955078125e-07,4.4584274e-07,14.96,14.96,9.216,1.685,-1.59,4.96,127.43,555.38,5.3067793003096035,2.3727636
2007-11-13,18450.54430293326,57.47268892721359,0.2519370977455738,1.1920928955078125e-07,19.983755,1.2762444,21.26,9.216,-0.435,-3.36,2.49,113.69,491.45,5.737955182277657,2.8819404
2007-11-14,18455.438179768484,63.24323571613647,0.3070106648883573,1.1920928955078125e-07,1.4686584e-05,11.1999855,11.2,9.119997,1.195,-3.5,5.89,154.04,474.16,6.128964462887628,2.3116624
2007-11-15,18455.36855055684,67.0699956685664,0.3791773418568365,0.26794211558228653,1.1920929e-07,10.82,10.82,9.119997,3.44,1.44,5.44,76.15,683.01,6.402847585697957,2.9532251
2007-11-16,18455.05169506104,77.06592635667845,0.43313566415274135,0.29013568745928175,1.1920929e-07,21.92,21.92,9.024003,3.51,2.02,5.0,59.39,720.02,7.17739596585308,4.72516
2007-11-17,18454.837729645627,86.26693135210321,0.46376214785368236,0.07535003784405792,1.1920929e-07,12.2,12.2,9.024003,2.85,-0.1,5.8,114.52,619.6,7.972907208518165,4.7658944
2007-11-18,18458.33744146529,85.71407007478636,0.35145941965393623,1.1920928955078125e-07,10.848906,0.0010948807,10.85,9.016947,-1.08,-3.73,1.57,101.34,478.93,7.922709781503902,5.1121345
2007-11-19,18469.34196536407,77.81914948982298,0.2983843962335195,1.1920928955078125e-07,11.0,3.2782555e-07,11.0,8.928,-1.895,-4.38,0.59,96.06,453.58,7.239422818891191,4.1752496
2007-11-20,18476.28270596786,70.5827412992201,0.2549520229198999,1.1920928955078125e-07,0.06,1.1920929e-07,0.06,8.928,-2.74,-6.82,1.34,181.51,379.85,6.665017225074955,3.482769
2007-11-21,18477.708263334905,63.89676474909746,0.2624307431348164,1.1920928955078125e-07,1.1920929e-07,1.1920929e-07,0.0,8.838422,-0.77,-4.37,2.83,162.7,444.77,6.174894155478837,3.065244
2007-11-22,18477.131763908525,57.680657495458064,0.25164576122978155,1.1920928955078125e-07,1.1920929e-07,1.1920929e-07,0.0,8.831997,0.11,-3.55,3.77,161.3,470.12,5.75160384797352,2.739371
2007-11-23,18476.907124088306,52.0144759984589,0.2952776609338812,0.4390043899967111,1.1920929e-07,1.1920929e-07,0.0,8.831997,3.98,-0.79,8.75,185.44,575.79,5.391092846201336,2.5662508
2007-11-24,18476.745833690187,46.65709123261393,0.2250525992662444,1.1920928955078125e-07,1.1920929e-07,1.1920929e-07,0.0,8.742422,1.72,-1.54,4.98,149.19,549.16,5.071036297500484,2.3829472
2007-11-25,18476.62641534158,41.53639496272556,0.16861746981690165,1.1920928955078125e-07,1.1920929e-07,1.1920929e-07,0.0,8.736,-0.77,-4.79,3.25,170.87,430.1,4.7828959340445,2.3116624
2007-11-26,18480.639833199333,36.73212893965358,0.20215169847744155,0.3439948305813445,1.1920929e-07,14.81,14.81,8.736,3.68,-1.04,8.4,137.64,567.94,4.5274647634842475,2.2403777
2007-11-27,18491.788845458523,32.18650020688459,0.12453313556766847,1.1920928955078125e-07,20.819788,0.0002103442,20.82,8.646422,-1.31,-3.91,1.29,95.19,468.1,4.298356451694989,2.3116624
2007-11-28,18506.792656634127,27.87891105895411,0.10114117935864508,1.1920928955078125e-07,11.35,1.1920929e-07,11.35,8.64,-2.215,-3.49,-0.94,48.41,480.57,4.091954388731473,2.1589096
2007-11-29,18522.239590800084,23.789666378304933,0.0813479907577632,1.1920928955078125e-07,14.84,1.1920929e-07,14.84,8.64,-3.05,-4.58,-1.52,60.06,443.08,3.905192382628683,2.2709284
2007-11-30,18528.919844521548,19.900216002616926,0.059870328443516654,1.1920928955078125e-07,1.1920929e-07,1.1920929e-07,0.0,8.632941,-4.825,-6.57,-3.08,90.83,386.56,3.735470757528043,2.18946
2007-12-01,18532.560902528665,16.192554969897174,0.04634821108027704,1.1920928955078125e-07,10.36,1.1920929e-07,10.36,8.544,-5.37,-7.69,-3.05,93.94,352.65,3.5805535787297016,2.1181753
2007-12-02,18554.209872511212,12.65008787152613,0.05108873056176049,1.1920928955078125e-07,33.2175,0.8625002,34.08,8.544,-0.525,-3.58,2.53,113.25,470.87,3.438544148267335,2.759738
2007-12-03,18556.820440714095,59.86966241728509,0.3356694853692958,0.5371749080911314,1.1920929e-07,72.18,72.18,8.544,4.29,2.4,6.18,70.52,724.05,5.897249193666157,27.495544
2007-12-04,18556.032172448748,101.65120317196174,0.58561131082178,0.6701797842979431,1.1920929e-07,21.33,21.33,8.536944,4.71,3.47,5.95,50.83,787.97,9.504825125001757,24.440485
2007-12-05,18555.931057715574,102.72275860397058,0.42807534381346696,1.1920928955078125e-07,0.32345393,3.9365463,4.26,8.448,0.09,-2.38,2.56,92.9,521.82,9.621893346988099,13.136761
2007-12-06,18557.53255128286,94.59842142716786,0.3790690329421035,1.1920928955078125e-07,2.1672225,0.09277755,2.26,8.448,-0.475,-2.71,1.76,97.48,507.35,8.76904921830117,8.880043
2007-12-07,18559.443855772606,85.93994777241903,0.28990256375328083,1.1920928955078125e-07,1.79,1.1920929e-07,1.79,8.448,-2.925,-4.87,-0.98,88.48,436.29,7.943180207853916,6.425811
2007-12-08,18561.56956463403,78.07441530857928,0.25680111844592285,1.1920928955078125e-07,2.5,1.1920929e-07,2.5,8.448,-3.28,-6.6,0.04,136.11,380.1,7.2605649777505565,5.1223183
2007-12-09,18564.337775094853,70.8600616784,0.22659200166856902,1.1920928955078125e-07,1.1920929e-07,1.1920929e-07,0.0,8.448,-3.675,-6.1,-1.25,122.37,391.36,6.686166258546988,4.4196544
2007-12-10,18567.065442925705,64.19721370985677,0.22479708932879044,1.1920928955078125e-07,5.38,1.1920929e-07,5.38,8.398531,-2.315,-5.78,1.15,117.89,404.41,6.196124893604702,3.9817622
2007-12-11,18569.561829692087,57.9921884779889,0.24350790969546238,1.1920928955078125e-07,1.1920929e-07,1.1920929e-07,0.0,8.352,0.365,-3.51,4.24,162.84,472.37,5.772109925132641,3.5336866
2007-12-12,18574.662608359373,52.19121168915273,0.18387324846209335,1.1920928955078125e-07,4.07,1.2129546e-07,4.07,8.352,-2.15,-4.63,0.33,98.75,441.66,5.401988640810299,3.2281806
2007-12-13,18581.679382224323,46.77339852607013,0.15378610677296228,1.1920928955078125e-07,8.33,1.1920929e-07,8.33,8.352,-3.125,-4.48,-1.77,53.97,448.69,5.0777786516019106,3.0143263
2007-12-14,18589.156826729602,41.718610152887365,0.16367061629461735,1.1920928955078125e-07,7.1643677,0.07563193,7.24,8.352,-0.615,-2.92,1.69,89.63,500.8,4.792862532079194,2.8717568
2007-12-15,18596.399085848738,36.94087377879656,0.13927475246801654,1.1920928955078125e-07,13.929509,0.00049194845,13.93,8.352,-1.185,-3.09,0.72,74.92,497.5,4.538274325446251,2.912491
2007-12-16,18604.985108137127,32.37525394909086,0.12635311874530006,1.1920928955078125e-07,8.985194,0.044805758,9.03,8.352,-0.69,-2.55,1.17,73.31,515.64,4.307635120151213,2.6375356
2007-12-17,18616.84243623257,28.043093685962255,0.09469217409904322,1.1920928955078125e-07,14.9,1.1920929e-07,14.9,8.352,-2.75,-5.21,-0.29,92.38,428.46,4.099636572098274,2.627352
2007-12-18,18633.898498479117,23.965773565289933,0.09330505661745989,1.1920928955078125e-07,19.043083,0.06691717,19.11,8.352,-0.725,-3.22,1.77,92.8,489.83,3.9130569672370696,3.0957947
2007-12-19,18658.240300689056,20.118203351595838,0.07590288719777313,1.1920928955078125e-07,27.698921,0.0010806114,27.7,8.352,-1.175,-2.88,0.53,66.79,504.42,3.744784770472936,3.442035
2007-12-20,18681.956856773002,16.38856924491936,0.050946619941131616,1.1920928955078125e-07,18.27,1.1920929e-07,18.27,8.352,-3.91,-6.23,-1.59,90.89,400.16,3.58858039927945,3.2281806
2007-12-21,18693.401143032017,12.827921427964553,0.04000651501152385,1.1920928955078125e-07,6.04,1.1920929e-07,6.04,8.352,-3.865,-6.36,-1.37,100.93,392.41,3.4455369123755846,2.6884532
2007-12-22,18702.14659121394,9.406101079334269,0.035227938775950166,1.1920928955078125e-07,14.809798,0.00020214856,14.81,8.352,-1.28,-4.27,1.71,108.69,452.65,3.3134461037542264,2.7495544
2007-12-23,18711.001097852724,21.18747880772675,0.09073100077156669,1.1920928955078125e-07,0.010038781,33.03996,33.05,8.352,0.65,-2.73,4.03,115.5,508.27,3.790809478493817,4.5927744
2007-12-24,18733.217216060908,29.1155802756505,0.0973070655676734,1.1920928955078125e-07,33.07,1.1920929e-07,33.07,8.352,-2.895,-5.29,-0.5,95.59,425.42,4.150174774826061,5.5703936
2007-12-25,18755.774620490214,24.976936430112197,0.07380851901402082,1.1920928955078125e-07,14.91,1.1920929e-07,14.91,8.352,-4.615,-6.76,-2.47,90.03,378.86,3.9585209437660054,4.124332
2007-12-26,18775.222421734623,21.040599434401543,0.059818191264452696,1.1920928955078125e-07,26.54,1.1920929e-07,26.54,8.352,-5.15,-6.64,-3.66,67.37,385.02,3.7844540067781436,3.6660726
2007-12-27,18800.626419799646,17.28052317276452,0.05069808249670255,1.1920928955078125e-07,17.43,1.1920929e-07,17.43,8.352,-4.715,-6.68,-2.75,88.43,383.19,3.625333922962427,3.2587311
2007-12-28,18825.030418931266,13.681225762578554,0.04230236861548233,1.1920928955078125e-07,28.45,1.1920929e-07,28.45,8.352,-3.985,-5.33,-2.64,61.87,420.17,3.479288849328546,3.177263
2007-12-29,18848.942150909097,10.232992911135884,0.03120074505809138,1.1920928955078125e-07,18.56,1.1920929e-07,18.56,8.352,-4.18,-6.92,-1.44,113.5,374.89,3.344894668434387,2.8819404
2007-12-30,18874.574974511794,6.926039855476512,0.019148145044038344,1.1920928955078125e-07,29.12,1.1920929e-07,29.12,8.352,-5.535,-6.32,-4.75,42.22,391.17,3.220885987198934,2.6986368
2007-12-31,18899.744750651724,3.7474149136156876,0.012264933782252683,1.1920928955078125e-07,20.1,1.1920929e-07,20.1,8.358422,-3.2,-5.88,-0.52,114.51,403.83,3.106024977591454,2.4745991
2008-01-01,18910.357729273663,3.5034022160218954,0.015660040106740533,1.1920928955078125e-07,2.0620822e-05,7.4399796,7.44,8.440945,1.12,-3.88,6.12,148.31,463.76,3.0973786532481826,2.3931308
2008-01-02,18910.316645895542,10.651080256862201,0.054296223309917985,0.13971652071895235,1.1920929e-07,14.32,14.32,8.448,3.04,0.18,5.9,104.72,616.9,3.360908909568496,2.85139
2008-01-03,18910.277558440597,20.090279019830707,0.0955440295913789,1.1920928955078125e-07,1.1920929e-07,12.17,12.17,8.448,2.015,-0.33,4.36,90.1,600.07,3.7435903431902173,3.4318514
2008-01-04,18910.278521581444,29.242242259389016,0.13935249102124206,1.1920928955078125e-07,1.1920929e-07,14.32,14.32,8.448,2.045,-0.65,4.74,98.97,587.35,4.156184384335675,3.920661
2008-01-05,18917.989990344966,32.652606333425496,0.11656506443500587,1.1920928955078125e-07,17.09,5.093217e-07,17.09,8.448,-2.125,-4.74,0.49,100.67,444.7,4.321305429907438,3.7984586
2008-01-06,18927.496481019043,28.330805634810165,0.09477210842844615,1.1920928955078125e-07,5.99,1.1920929e-07,5.99,8.494531,-3.12,-5.81,-0.43,111.39,407.2,4.113133549252776,3.1365287
2008-01-07,18934.166253666444,24.229080896612274,0.07430741064973242,1.1920928955078125e-07,9.26,1.1920929e-07,9.26,8.544,-4.415,-6.33,-2.5,78.13,390.06,3.9248452842110773,2.7902887
2008-01-08,18953.58661966141,20.316891552261183,0.07563375887049971,1.1920928955078125e-07,29.149992,6.081164e-06,29.15,8.544,-1.69,-4.83,1.45,119.34,434.16,3.7532944117099305,2.7495544
2008-01-09,18977.2800334252,16.57680638554853,0.05861516083502289,1.1920928955078125e-07,19.26,1.1920929e-07,19.26,8.544,-2.42,-5.39,0.55,116.15,420.38,3.596305681863811,2.6171684
2008-01-10,18991.871240574295,23.804705437058544,0.10486462185876916,1.1920928955078125e-07,0.004628365,30.675371,30.68,8.550425,0.72,-0.88,2.32,67.27,575.75,3.9058633783195384,3.3809338
2008-01-11,18991.935333512356,47.42165655656886,0.2062021518971628,1.1920928955078125e-07,0.11044833,24.429552,24.54,8.64,0.38,-1.12,1.88,64.02,570.37,5.115522843229486,5.1325016
2008-01-12,18991.94983549257,60.311738295838936,0.27632681267641146,1.1920928955078125e-07,2.8969049e-05,12.789971,12.79,8.64,1.14,-0.95,3.23,87.43,574.85,5.927107333646548,4.3891034
2008-01-13,18991.949806092405,60.4032426253552,0.28501092704207964,1.1920928955078125e-07,1.1920929e-07,1.1920929e-07,0.0,8.64,1.57,-3.6,6.74,213.44,479.04,5.933306464205397,3.9919457
2008-01-14,18992.531986828133,59.93138860142427,0.25292440672768457,1.1920928955078125e-07,8.235251,5.5147486,13.75,8.728945,-0.2,-6.95,6.55,176.89,374.59,5.901409174947312,3.7780914
2008-01-15,18998.578304640883,54.376475997703636,0.1676503166232469,1.1920928955078125e-07,1.1920929e-07,1.1920929e-07,0.0,8.736,-4.65,-8.66,-0.64,197.74,327.85,5.538544150714252,3.5642374
2008-01-16,18999.449536116554,48.853973113595245,0.1544127127225527,1.1920928955078125e-07,1.81,1.1920929e-07,1.81,8.736,-4.305,-9.49,0.88,208.22,302.46,5.199915830907671,3.1059783
2008-01-17,18996.714309056908,43.65280313429423,0.1699251588821351,1.1920928955078125e-07,1.1920929e-07,1.1920929e-07,0.0,8.824942,-1.515,-6.21,3.18,218.99,386.81,4.899945670367607,2.8412063
2008-01-18,18995.02931462819,38.74178608010452,0.17884927813919513,1.1920928955078125e-07,1.1920929e-07,1.1920929e-07,0.0,8.831997,0.93,-3.78,5.64,219.6,459.99,4.632610403946324,2.606985
2008-01-19,19002.80287447753,34.097605910077746,0.13116784036262769,1.1920928955078125e-07,13.239997,2.7620792e-06,13.24,8.831997,-1.695,-4.58,1.19,124.92,437.01,4.393232364796145,2.5560672
2008-01-20,19010.264646620122,29.704480061845572,0.08756332879056972,1.1920928955078125e-07,6.43,1.1920929e-07,6.43,8.928,-5.57,-9.38,-1.76,154.82,322.33,4.1781896581119415,2.4033144
2008-01-21,19012.76200216731,25.537489916105038,0.06979801934586817,1.1920928955078125e-07,1.1920929e-07,1.1920929e-07,0.0,8.928,-6.605,-11.2,-2.01,230.5,270.97,3.983951780147494,2.1385424
2008-01-22,19012.590807260658,21.566931212836977,0.07980031635442748,1.1920928955078125e-07,1.1920929e-07,1.1920929e-07,0.0,8.928,-2.4,-7.08,2.28,228.87,360.73,3.807277834537076,2.0468905
2008-01-23,19012.046605975334,17.76310678537609,0.08459418179057404,1.1920928955078125e-07,1.1920929e-07,1.1920929e-07,0.0,9.024003,1.07,-4.19,6.33,244.67,442.64,3.6453757639586537,2.0061564
2008-01-24,19012.046605988155,14.123387789778999,0.05512256578465216,1.1920928955078125e-07,1.1920929e-07,1.1920929e-07,0.0,9.024003,-1.795,-5.69,2.1,207.09,402.96,3.496908147013728,1.9450552
2008-01-25,19012.26604899352,10.64655310353536,0.043491321645551695,1.1920928955078125e-07,1.1920929e-07,1.1920929e-07,0.0,9.112942,-1.285,-6.59,4.02,250.19,367.69,3.3607350934494433,1.8228527
2008-01-26,19015.601798349304,7.315490130649887,0.032379422481808175,1.1920928955078125e-07,5.2020764,6.0379233,11.24,9.119997,-0.145,-3.22,2.93,160.69,481.9,3.235247929144743,1.9145046
2008-01-27,19024.40946191271,4.119423486043828,0.013031020787459806,1.1920928955078125e-07,9.21,1.1920929e-07,9.21,9.126422,-4.9,-8.68,-1.12,166.75,330.66,3.119253166627571,1.8737705
2008-01-28,19040.546620245976,1.0465496578305769,0.0032287243882585834,1.1920928955078125e-07,20.41,1.1920929e-07,20.41,9.216,-5.38,-7.61,-3.15,114.99,352.2,3.011566869790573,1.7821187
2008-01-29,19064.446880893232,-0.28155241047560325,1.1920928955078125e-07,1.1920928955078125e-07,26.34,1.1920929e-07,26.34,9.216,-4.305,-6.27,-2.34,104.41,392.44,0.16756955111567332,1.7719351
2008-01-30,19088.171683040033,-0.3818160780373674,1.1920928955078125e-07,1.1920928955078125e-07,20.79,1.1920929e-07,20.79,9.312,-3.525,-5.98,-1.07,128.17,400.23,0.06369050299208037,1.7108339
2008-01-31,19111.468280081677,-0.4315183347635733,1.1920928955078125e-07,1.1920928955078125e-07,25.65,1.1920929e-07,25.65,9.312,-2.9,-4.63,-1.17,96.21,440.48,0.039052224963676586,1.7210175
2008-02-01,19135.6397898481,-0.4647377354056646,1.1920928955078125e-07,1.1920928955078125e-07,21.52,1.1920929e-07,21.52,9.408,-3.955,-5.09,-2.82,67.12,429.66,0.02810818689921092,1.6802833
2008-02-02,19151.32054180769,-0.4896978062861708,1.1920928955078125e-07,1.1920928955078125e-07,10.39,1.1920929e-07,10.39,9.408,-4.035,-5.98,-2.09,111.74,400.81,0.021939193951060514,1.6089985
2008-02-03,19158.92552220747,-0.5096596735360408,1.1920928955078125e-07,1.1920928955078125e-07,5.81,1.1920929e-07,5.81,9.504003,-3.725,-5.88,-1.57,133.63,402.32,0.017989180030585795,1.5377138
2008-02-04,19168.13318482791,-0.526262362227001,1.1920928955078125e-07,1.1920928955078125e-07,9.64,1.1920929e-07,9.64,9.504003,-4.575,-7.58,-1.57,171.87,355.04,0.01524855115873295,1.4867961
2008-02-05,19188.952395321892,-0.5406023206714682,1.1920928955078125e-07,1.1920928955078125e-07,28.93,8.621812e-07,28.93,9.592944,-2.14,-5.03,0.75,161.84,427.68,0.013218402539110437,1.6089985
2008-02-06,19217.757796444377,-0.5530969490773333,1.1920928955078125e-07,1.1920928955078125e-07,28.98,1.1920929e-07,28.98,9.6,-2.84,-5.33,-0.35,144.88,421.16,0.011670287255821785,1.5886315
2008-02-07,19250.362042502413,-0.5642111847062512,1.1920928955078125e-07,1.1920928955078125e-07,33.82,1.0079145e-06,33.82,9.688945,-2.06,-3.56,-0.56,93.07,477.07,0.010445716075016754,1.8635869
2008-02-08,19296.631673555483,-0.5691979615701805,1.1920928955078125e-07,1.1920928955078125e-07,54.25249,0.0775092,54.33,9.696003,-0.815,-2.71,1.08,119.41,508.86,0.009938728361590692,2.1792765
2008-02-09,19309.464442863715,30.298555679055767,0.1695828736289995,1.1920928955078125e-07,1.1920929e-07,38.56,38.56,9.784947,2.25,0.41,4.09,113.14,627.39,4.206642376551151,4.5724072
2008-02-10,19309.4645839798,55.547583845873554,0.2830386762670099,1.1920928955078125e-07,0.00079276174,22.409206,22.41,9.792003,0.865,-0.88,2.61,109.48,580.47,5.613140959572988,5.3056216
2008-02-11,19309.470311959212,68.32744470514633,0.3440313044998883,1.1920928955078125e-07,0.013938575,16.87606,16.89,9.887998,0.55,-1.37,2.47,122.5,559.28,6.4954891700704955,4.7455273
2008-02-12,19309.47402462939,71.3096162126997,0.3667890451651937,1.1920928955078125e-07,0.0001376152,3.6998625,3.7,9.887998,0.86,-3.34,5.06,221.91,491.8,6.72059289341535,4.1752496
2008-02-13,19309.821590166193,65.40292458014531,0.2802407955970166,1.1920928955078125e-07,1.1920929e-07,1.1920929e-07,0.0,9.984,-1.905,-6.0,2.19,301.2,404.33,6.282061284259113,3.941028
2008-02-14,19309.82212337893,59.05670214173609,0.2692515299142848,1.1920928955078125e-07,1.1920929e-07,1.1920929e-07,0.0,9.984,-1.02,-7.02,4.98,346.63,367.43,5.842733318146533,3.4013007
2008-02-15,19309.82503795552,53.094770008943456,0.31189958360540404,1.1920928955078125e-07,1.1920929e-07,1.1920929e-07,0.0,10.08,2.525,-1.22,6.27,288.36,562.8,5.458038247785424,3.1059783
2008-02-16,19309.827119210284,47.534213831616945,0.23676506400162348,1.1920928955078125e-07,1.1920929e-07,1.1920929e-07,0.0,10.08,0.115,-3.51,3.74,292.53,479.31,5.122104908474623,2.9939594
2008-02-17,19309.830388535993,42.31747397044291,0.2524913201730439,0.0037268553001779114,1.1920929e-07,1.1920929e-07,0.0,10.176,2.615,-3.34,8.57,355.86,477.67,4.825765026747075,2.7902887
2008-02-18,19308.90742277993,38.24257016149267,0.3126025096415094,1.5093764066696167,1.1920929e-07,1.1920929e-07,0.0,10.176,7.36,1.85,12.87,345.18,702.13,4.606265554406297,2.6884532
2008-02-19,19307.697730000345,34.65548382002651,0.25272121924554586,0.9124383926391602,1.1920929e-07,1.1920929e-07,0.0,10.272,5.475,0.65,10.3,331.32,639.98,4.421320786329025,2.8208392
2008-02-20,19307.127473076285,30.67869201597419,0.19665684880139905,0.29647422078107866,1.1920929e-07,1.1920929e-07,0.0,10.278422,3.53,-0.82,7.88,322.12,577.45,4.224950239632916,2.9532251
2008-02-21,19306.884975240253,26.610484444831368,0.1704539508656209,0.25207701980133024,1.1920929e-07,1.1920929e-07,0.0,10.367997,3.39,-0.19,6.97,277.55,599.81,4.03308728326758,2.9532251
2008-02-22,19306.7555130554,22.642023724984444,0.13854355912399055,1.1920928955078125e-07,1.1920929e-07,1.1920929e-07,0.0,10.464,2.575,-2.07,7.22,346.79,530.23,3.8543267318378414,2.9226747
2008-02-23,19306.754760564327,18.75462313468552,0.10349765848531903,1.1920928955078125e-07,1.1920929e-07,1.1920929e-07,0.0,10.464,1.06,-4.41,6.53,370.74,446.56,3.686902087977696,2.8819404
2008-02-24,19306.7569584357,15.039452425400274,0.09268019771123363,1.1920928955078125e-07,1.1920929e-07,1.1920929e-07,0.0,10.560002,2.545,-1.44,6.53,315.08,554.61,3.533695974100923,2.8106556
2008-02-25,19306.76334186909,14.032184318126927,0.08507708236711889,1.1920928955078125e-07,1.1920929e-07,4.99,4.99,10.560002,2.305,-1.53,6.14,238.71,556.12,3.4932665766988253,3.044877
2008-02-26,19306.556153279973,14.750106732569416,0.1021134482544353,0.4896731395113658,1.1920929e-07,2.96,2.96,10.655997,4.14,-1.69,9.97,313.2,543.33,3.522034647572726,3.0143263
2008-02-27,19306.033069190864,13.15861282128485,0.09228942007152921,0.5514255166053772,1.1920929e-07,1.1920929e-07,0.0,10.655997,4.335,1.54,7.13,246.35,684.66,3.458578177855392,3.0041428
2008-02-28,19305.274275079646,10.019839470931995,0.07698970076173967,0.9441061615943909,1.1920929e-07,0.39,0.39,10.752,5.575,1.39,9.76,337.05,679.73,3.3367595203155695,3.19763
2008-02-29,19304.499370234094,14.305968363421034,0.10025201737296636,0.46275537001820055,1.1920929e-07,14.73,14.73,10.848,4.055,-1.23,9.34,286.18,567.07,3.5042096309081594,3.8391926
2008-03-01,19304.392241043563,29.39945096683959,0.16504765245360656,1.1920928955078125e-07,0.0016794759,21.32832,21.33,10.848,0.785,-3.63,5.2,255.97,477.52,4.163655419533733,4.9186473
2008-03-02,19304.7432074234,35.23460659645688,0.18552844821833062,1.1920928955078125e-07,1.1920929e-07,1.1920929e-07,0.0,10.9439945,-0.27,-4.65,4.11,358.2,444.69,4.450668848163046,4.0835977
2008-03-03,19309.977998456223,30.763042044764063,0.1541172633137266,1.1920928955078125e-07,9.767451,0.002549182,9.77,10.9439945,-0.985,-3.17,1.2,157.17,492.22,4.22902343677922,3.7577245
2008-03-04,19317.64248850514,26.495756034774875,0.1283041176126993,1.1920928955078125e-07,5.509997,3.1200052e-06,5.51,11.04,-1.595,-5.14,1.95,240.69,433.01,4.027804736453182,3.482769
2008-03-05,19320.550143261848,22.963126894553167,0.12979004392283214,1.1920928955078125e-07,0.00056984543,1.3894302,1.39,11.046422,0.62,-6.56,7.8,403.76,379.34,3.8684914930068093,3.1059783
2008-03-06,19320.216774701345,19.61372732013014,0.1526704583511105,0.8380190134048462,1.1920929e-07,1.1920929e-07,0.0,11.136003,5.24,-0.11,10.59,389.68,605.44,3.723265086873857,2.9226747
2008-03-07,19319.6836927801,17.657343057515526,0.1204442712489431,0.17065092415761995,1.1920929e-07,2.74,2.74,11.2319975,3.135,-0.68,6.95,264.59,582.62,3.640973905798244,2.8106556
2008-03-08,19319.648957544112,17.440093710119054,0.11034814724040257,1.1920928955078125e-07,1.1920929e-07,3.89,3.89,11.2319975,2.025,-2.24,6.29,266.64,529.7,3.631948711456619,2.9226747
2008-03-09,19319.48624132129,16.008552535134367,0.11809039785007462,0.5007569788984014,1.1920929e-07,1.1920929e-07,0.0,11.328,4.175,-0.57,8.92,371.97,588.08,3.5730349834792543,2.8819404
2008-03-10,19318.84477509969,13.042731949408982,0.09930775323083231,0.6511790752410889,1.1920929e-07,0.98,0.98,11.328,4.65,0.39,8.91,324.93,630.72,3.454002649498612,3.3707502
2008-03-11,19322.244943977836,13.228161248848545,0.06800249826199556,1.1920928955078125e-07,13.709691,0.00030848532,13.71,11.424,-1.23,-4.52,2.06,212.8,457.16,3.461327190807293,5.0408497
2008-03-12,19331.77773447458,9.786052016975509,0.0530107617133393,1.1920928955078125e-07,5.640815,0.06918517,5.71,11.520002,-0.6,-6.32,5.12,327.1,390.54,3.327859610279104,4.3483696
2008-03-13,19344.680683549763,7.738430777714061,0.0427725136899822,1.1920928955078125e-07,17.507456,3.9025452,21.41,11.520002,-0.31,-2.18,1.56,131.27,528.13,3.2509174579419455,4.470572
2008-03-14,19358.57294109732,10.522615033742879,0.05913655482595236,1.1920928955078125e-07,10.712154,7.927845,18.64,11.615997,-0.19,-3.33,2.95,221.38,485.48,3.355980089013429,4.3280025
2008-03-15,19369.68659253441,13.223312157462672,0.07372364779897782,1.1920928955078125e-07,12.946227,3.0337715,15.98,11.615997,-0.305,-3.62,3.01,235.5,478.87,3.4611354518648727,3.900294
2008-03-16,19383.761121248914,10.100822197332954,0.04880373256422348,1.1920928955078125e-07,13.0,1.1920929e-07,13.0,11.711994,-2.465,-4.61,-0.32,158.28,446.23,3.339847948768714,3.5642374
2008-03-17,19391.794033563965,12.793412546907222,0.0796959584826535,1.1920928955078125e-07,7.494748e-05,15.6199255,15.62,11.808002,1.065,-2.1,4.23,230.69,530.77,3.444178844378992,3.3809338
2008-03-18,19392.702798245205,23.48548948928073,0.13500869931939197,1.1920928955078125e-07,5.2795773,9.610423,14.89,11.808002,-0.1,-4.2,4.0,284.47,466.69,3.8916456790161504,3.3401995
2008-03-19,19398.672436838904,26.84329026064936,0.15400941380051378,1.1920928955078125e-07,8.437348,3.6026518,12.04,11.903997,-0.245,-4.65,4.16,301.68,443.08,4.0438278804432946,3.1263454
2008-03-20,19411.72282942031,23.41406215004229,0.12821482259403977,1.1920928955078125e-07,15.461874,0.008126325,15.47,11.903997,-0.915,-4.73,2.9,278.11,441.65,3.8884714378400815,2.9532251
2008-03-21,19425.04028506487,19.498554962726402,0.10270319137739277,1.1920928955078125e-07,10.399994,6.508827e-06,10.4,12.000006,-1.585,-6.32,3.15,320.84,393.05,3.7183694874880304,2.8004723
2008-03-22,19434.473122247124,15.764983628649766,0.09171699297824518,1.1920928955078125e-07,1.1920929e-07,1.1920929e-07,0.0,12.096,-0.275,-6.08,5.53,470.77,396.7,3.5631066954492234,2.606985
2008-03-23,19443.225553939377,12.198576500405272,0.06906998537111587,1.1920928955078125e-07,14.556793,0.09320623,14.65,12.096,-0.665,-6.25,4.92,346.44,401.01,3.420853528443575,2.8819404
2008-03-24,19452.992782668785,8.787909954929066,0.04570779744176648,1.1920928955078125e-07,9.46,2.8192997e-07,9.46,12.192,-1.99,-8.17,4.19,365.89,345.79,3.290128207383866,2.9837759
2008-03-25,19465.469466599676,5.521561682308308,0.02753678756501768,1.1920928955078125e-07,9.54,1.1920929e-07,9.54,12.192,-2.585,-6.38,1.21,278.12,388.24,3.1696198902847175,2.6477191
2008-03-26,19483.533151188214,2.387959592899206,0.01246966104423627,1.1920928955078125e-07,23.58,7.0273876e-07,23.58,12.288,-2.045,-6.56,2.47,323.16,387.35,3.0581596334246606,2.6171684
2008-03-27,19504.390478565758,-0.1566912176251798,1.1920928955078125e-07,1.1920928955078125e-07,17.76,1.1920929e-07,17.76,12.383997,-2.34,-7.23,2.55,341.94,366.23,0.5128843023905091,2.494966
2008-03-28,19527.490072223936,-0.34881904116194595,1.1920928955078125e-07,1.1920928955078125e-07,27.68,1.1920929e-07,27.68,12.383997,-2.925,-5.77,-0.08,234.94,404.68,0.08788371842732105,2.413498
2008-03-29,19552.737492742108,-0.4125400765458667,1.1920928955078125e-07,1.1920928955078125e-07,21.51,6.4104796e-07,21.51,12.48,-1.96,-4.2,0.28,192.7,453.31,0.04709406322306192,2.3727636
2008-03-30,19568.052915054028,-0.4516587316385539,1.1920928955078125e-07,1.1920928955078125e-07,10.139999,1.5109778e-06,10.14,12.48,-1.73,-6.01,2.55,330.04,396.46,0.03199803190957971,2.2505612
2008-03-31,19575.380229824474,-0.47900804694274374,1.1920928955078125e-07,1.1920928955078125e-07,2.1116214,3.308379,5.42,12.575997,-0.115,-4.37,4.14,363.33,445.77,0.024396955687003976,2.1792765
2008-04-01,19577.4014302099,-0.5009357594793735,1.1920928955078125e-07,1.1920928955078125e-07,1.1920929e-07,1.1920929e-07,0.0,12.672003,-1.345,-6.27,3.58,474.2,385.99,0.01962011186148078,2.1181753
2008-04-02,19577.194084429288,-0.5189726407663747,1.1920928955078125e-07,1.1920928955078125e-07,1.1920929e-07,1.1920929e-07,0.0,12.672003,-0.275,-6.33,5.78,519.92,384.56,0.016396620419738158,2.0876248
2008-04-03,19577.180384134834,-0.5321455527256639,1.1920928955078125e-07,0.04595305218276202,1.1920929e-07,1.1920929e-07,0.0,12.768,2.765,-3.8,9.33,528.72,460.32,0.014380598183837929,2.0876248
2008-04-04,19579.414885329683,2.9167492639210626,0.017627733319928958,1.1920928955078125e-07,14.955695,0.47430477,15.43,12.768,-0.505,-3.48,2.47,238.09,480.27,3.0766896103597765,2.2098272
2008-04-05,19593.272327105566,0.0171954985278176,5.55701131657217e-05,1.1920928955078125e-07,12.304869,0.015130853,12.32,12.863997,-0.83,-4.61,2.95,308.09,442.75,1.615861773374156,2.18946
2008-04-06,19597.807481774842,6.098479930778137,0.04187645436797633,1.1920928955078125e-07,3.2663345e-05,13.699967,13.7,12.953581,1.135,-1.95,4.22,258.02,534.52,3.190578995543685,2.2200108
2008-04-07,19599.589888499417,17.40415555761914,0.10958238246453163,1.1920928955078125e-07,8.068937,10.881064,18.95,12.960006,-0.13,-3.1,2.84,259.97,496.65,3.6304578899839632,2.3320296
2008-04-08,19600.72188201948,26.415421578371287,0.18407839825410538,1.1920928955078125e-07,7.653237e-06,8.559993,8.56,13.056003,1.235,-2.12,4.59,291.92,528.84,4.024109941590166,2.3320296
2008-04-09,19600.722321806443,28.266433177528178,0.19217144453781784,1.1920928955078125e-07,0.00013859331,4.329861,4.33,13.056003,0.875,-4.42,6.17,389.06,446.78,4.110109892045622,2.18946
2008-04-10,19600.719569101304,28.345238873798213,0.22231249176056453,0.08056343060061977,1.1920929e-07,4.35,4.35,13.152002,2.865,-2.45,8.18,391.8,518.34,4.113811802298026,2.230194
2008-04-11,19600.3347628851,26.401954223392607,0.23565476639040775,0.6970974206924438,1.1920929e-07,1.1920929e-07,0.0,13.152002,4.795,-3.45,13.04,582.15,480.36,4.0234908739962165,2.2200108
2008-04-12,19598.482536257863,24.00524762356652,0.33989720559894726,2.926510810852051,1.1920929e-07,1.1920929e-07,0.0,13.248003,11.835,4.14,19.53,558.58,815.73,3.914821969266267,2.892124
2008-04-13,19596.059821648545,22.229798128723054,0.2389791837618591,1.5236270427703857,1.1920929e-07,1.1920929e-07,0.0,13.343994,7.405,0.34,14.47,556.31,626.97,3.8362183096881832,4.6131415
2008-04-14,19597.01185774956,20.924206948876268,0.12705798387714512,1.1920928955078125e-07,8.119094,0.00090554473,8.12,13.343994,-1.07,-4.79,2.65,291.75,444.95,3.779425271139095,4.8575463
2008-04-15,19607.02045375066,17.114319105847642,0.10321674252874298,1.1920928955078125e-07,10.63984,0.00016045095,10.64,13.440002,-1.27,-5.23,2.69,314.81,427.23,3.618456958842479,4.2363505
2008-04-16,19611.573247144966,16.72675071198658,0.11815310779220897,1.1920928955078125e-07,4.1176674e-05,4.969959,4.97,13.440002,1.01,-3.65,5.67,411.46,478.86,3.602471319401116,3.788275
2008-04-17,19611.573255256735,17.031855447526222,0.1236006140025574,1.1920928955078125e-07,1.6719102e-06,3.7399983,3.74,13.536,1.3,-2.39,4.99,322.32,524.92,3.615049734020099,3.482769
2008-04-18,19615.231998797663,14.837461105673746,0.07878291412243195,1.1920928955078125e-07,6.46,1.1920929e-07,6.46,13.536,-3.175,-6.19,-0.16,250.18,404.48,3.525551177572641,3.442035
2008-04-19,19621.781604952033,11.313237965152627,0.05898418189202651,1.1920928955078125e-07,5.96,1.1920929e-07,5.96,13.631997,-3.53,-7.59,0.53,331.97,357.26,3.386428938515088,3.1874466
2008-04-20,19628.394844721588,7.93877275526257,0.04586927365373558,1.1920928955078125e-07,6.98,1.1920929e-07,6.98,13.721575,-2.175,-7.48,3.13,391.25,360.6,3.2583663951824744,2.9430416
2008-04-21,19634.063535970963,4.7034729010631455,0.028034761322168502,1.1920928955078125e-07,4.1599994,4.959106e-07,4.16,13.728,-1.74,-7.89,4.41,438.61,347.39,3.1401350279198046,2.8004723
2008-04-22,19636.026750663073,1.6487111018498906,0.011411227160437753,1.1920928955078125e-07,1.1920929e-07,1.1920929e-07,0.0,13.824003,0.305,-3.8,4.41,445.56,471.34,3.0324414132659956,2.6680863
2008-04-23,19636.017675247862,2.5396368551899458,0.01847084644555623,1.1920928955078125e-07,5.5415036e-05,7.7799444,7.78,13.824003,1.025,-3.09,5.14,338.56,496.03,3.063463300987319,2.6884532
2008-04-24,19636.030587430025,5.458008866649973,0.03784227058417972,1.1920928955078125e-07,0.083808064,4.136192,4.22,13.919997,0.23,-3.03,3.49,289.88,505.42,3.167319488647901,2.606985
2008-04-25,19636.165831460017,3.902438445454903,0.027565940044635483,1.1920928955078125e-07,1.1920929e-07,1.1920929e-07,0.0,13.919997,0.5,-4.09,5.09,494.64,467.28,3.111530601328567,2.4847825
2008-04-26,19636.068045303084,0.9239748721773201,0.00845778314909723,0.5150073748818116,1.1920929e-07,1.1920929e-07,0.0,14.016,4.22,-2.89,11.33,594.24,499.22,3.007146448943355,2.4644156
2008-04-27,19634.800644529572,0.04215436189842017,0.0003126302702585478,1.9353084564208984,1.1920929e-07,1.1920929e-07,0.0,14.016,8.705,4.13,13.28,445.75,816.2,1.797846483768251,2.8615735
2008-04-28,19633.57030418862,2.902483347935437,0.025220693829781687,0.23619525526128804,1.1920929e-07,8.93,8.93,14.111995,3.34,-0.89,7.57,334.38,586.98,3.0761882300296954,4.7862616
2008-04-29,19633.54243437327,8.62804496117941,0.0627953738974594,1.1920928955078125e-07,0.0010517747,8.0989485,8.1,14.111995,0.735,-3.89,5.36,361.84,473.71,3.2841249216569555,6.323975
2008-04-30,19633.550051974147,11.51413464822955,0.08295880786962845,1.1920928955078125e-07,0.0068371166,4.5431633,4.55,14.208003,0.49,-4.13,5.11,365.84,463.58,3.3942098867460184,5.101951
2008-05-01,19633.551647662825,10.90740769073861,0.08314196905304762,1.1920928955078125e-07,5.340576e-07,1.2799995,1.28,14.208003,1.31,-4.75,7.37,511.08,442.79,3.3707650570012557,4.37892
2008-05-02,19633.246068631866,8.26338471837683,0.08355353508271056,0.8918542861938477,1.1920929e-07,1.1920929e-07,0.0,14.304003,5.41,0.89,9.93,453.03,646.97,3.2704720778548895,4.053047
2008-05-03,19632.68751117103,5.43516557748063,0.04844474903649559,0.29013568745928175,1.1920929e-07,1.1920929e-07,0.0,14.311055,3.51,1.51,5.51,249.07,685.03,3.1664930451290765,4.073414
2008-05-04,19631.94890923375,4.1678157158347195,0.0452518724471881,1.2021987438201904,1.1920929e-07,2.25,2.25,14.4,6.39,0.66,12.12,484.64,649.15,3.120978073466568,4.460388
2008-05-05,19630.417944341934,3.666225482528875,0.04418397119455999,1.7073001861572266,1.1920929e-07,1.1920929e-07,0.0,14.407056,7.985,3.78,12.19,431.33,801.24,3.103145442436385,5.285255
2008-05-06,19629.35718735141,1.6245813614770397,0.014726586215216145,0.30914898782263833,1.1920929e-07,1.1920929e-07,0.0,14.496,3.57,0.43,6.71,343.88,641.47,3.0316055518722793,6.323975
2008-05-07,19629.295417121037,-0.23932288564656362,1.1920928955078125e-07,1.1920928955078125e-07,1.1920929e-07,1.1920929e-07,0.0,14.496,1.615,-2.34,5.57,442.44,528.85,0.24837122427346198,5.987919
2008-05-08,19629.295412503576,-0.36758256477133955,1.1920928955078125e-07,1.1920928955078125e-07,1.1920929e-07,1.1920929e-07,0.0,14.592003,1.025,-3.01,5.06,451.1,504.91,0.07320403257374239,5.621311
2008-05-09,19629.294055489267,-0.42220261978174817,1.1920928955078125e-07,0.05795842433156562,1.1920929e-07,1.1920929e-07,0.0,14.592003,2.8,-3.26,8.86,571.41,493.44,0.0428144930158427,5.091768
2008-05-10,19628.967594234287,3.427371096083986,0.03325557732430441,0.5688427090644836,1.1920929e-07,11.65,11.65,14.688,4.39,0.05,8.73,347.44,622.94,3.094689494590913,5.0306664
2008-05-11,19628.721882731388,13.288537171790022,0.10699379613897676,1.1920928955078125e-07,3.9607286e-07,13.29,13.29,14.688,1.625,-1.8,5.05,292.01,550.32,3.463715417529445,6.5581965
2008-05-12,19628.721892220667,20.501074545196776,0.16768263271505918,1.1920928955078125e-07,2.7000905e-07,9.06,9.06,14.784,1.76,-2.06,5.58,337.13,537.24,3.7612000779247627,5.896267
2008-05-13,19628.6409981199,29.75297933268895,0.27663851126673955,0.33607617218594044,1.1920929e-07,18.34,18.34,14.784,3.655,1.08,6.23,241.0,668.34,4.180505255283045,5.6824126
2008-05-14,19627.88179765076,45.336530119846245,0.5183432288536058,1.2956187725067139,1.1920929e-07,19.31,19.31,14.873578,6.685,4.77,8.6,182.3,863.36,4.995108156992307,17.617516
2008-05-15,19625.59627855155,50.879506760479444,0.877423114994061,3.3381922245025635,1.1920929e-07,1.1920929e-07,0.0,14.88,13.135,5.45,20.82,610.62,902.14,5.321643563653961,20.468906
2008-05-16,19621.45571921469,48.765377363088724,1.1219333745976736,4.837662696838379,1.1920929e-07,1.1920929e-07,0.0,14.887058,17.87,12.22,23.52,507.67,1418.35,5.194655551917759,21.487259
2008-05-17,19616.262539491843,47.61177030842035,1.1891958603821475,5.244593620300293,1.1920929e-07,1.1920929e-07,0.0,14.975997,19.155,11.99,26.32,566.67,1399.63,5.126645142961577,26.579027
2008-05-18,19611.672950866476,46.075613355575214,0.8998978330667313,3.946213960647583,1.1920929e-07,1.1920929e-07,0.0,14.975997,15.055,9.16,20.95,517.11,1173.19,5.037461950290996,26.477192
2008-05-19,19607.97050509363,43.95530144760466,0.7764003348209004,3.3951940536499023,1.1920929e-07,1.1920929e-07,0.0,15.071998,13.315,7.64,18.99,504.44,1052.88,4.916907948436384,21.8946
2008-05-20,19605.749727766797,51.17587556245678,0.553946912648758,0.9678571224212646,1.1920929e-07,24.17,24.17,15.071998,5.65,-0.02,11.32,405.86,637.96,5.339691726860512,23.116625
2008-05-21,19605.45972160429,75.71972625063331,0.6313924203265548,1.1920928955078125e-07,1.000762e-06,33.58,33.58,15.071998,1.76,-0.39,3.91,195.52,607.11,7.06785902033928,20.978083
2008-05-22,19605.460210719935,91.72580770343482,0.7985383987710692,1.1920928955078125e-07,1.1920929e-07,15.35,15.35,15.168,2.3,-0.92,5.52,296.01,585.81,8.48594751843605,16.599163
2008-05-23,19605.266488167825,93.14462459501036,0.9361161591484594,0.5830932855606079,1.1920929e-07,6.65,6.65,15.168,4.435,1.69,7.18,256.38,700.65,8.624613660796392,12.2202425
2008-05-24,19603.736045813595,89.09145475495589,1.293098981571936,2.369157314300537,1.1920929e-07,2.5,2.5,15.175058,10.075,4.78,15.37,444.65,864.87,8.23436816595819,10.590877
2008-05-25,19601.50961794323,86.1682221853847,1.1821129509623078,2.060396432876587,1.1920929e-07,6.0,6.0,15.263997,9.1,5.21,12.99,302.4,889.41,7.963921575355453,12.729419
2008-05-26,19599.414965510674,85.9274674983426,1.198591653036983,2.1427323818206787,1.1920929e-07,7.03,7.03,15.263997,9.36,5.0,13.72,358.25,877.27,7.942047789465849,14.358785
2008-05-27,19597.152323398856,82.5126106325829,1.2067204458437664,2.375491142272949,1.1920929e-07,1.1920929e-07,0.0,15.271052,10.095,5.32,14.87,492.88,895.94,7.638182810248019,14.969796
2008-05-28,19594.938150040674,76.29527964655587,1.0282072090281473,1.941642165184021,1.1920929e-07,0.06,0.06,15.359997,8.725,5.21,12.24,403.32,898.44,7.114484293407827,13.951443
2008-05-29,19593.612349950738,69.90668119022037,0.7394362736340137,0.7667664885520935,1.1920929e-07,1.1920929e-07,0.0,15.359997,5.015,1.39,8.64,436.31,691.76,6.6137393641224245,13.0349245
2008-05-30,19592.704820062372,63.71050659374504,0.7149482164031542,1.0501933097839355,1.1920929e-07,1.1920929e-07,0.0,15.359997,5.91,-0.94,12.76,606.0,584.11,6.161769068778348,11.507395
2008-05-31,19591.15146898061,58.529113141088715,0.8119225456714875,2.0556461811065674,1.1920929e-07,1.1920929e-07,0.0,15.449575,9.085,4.53,13.64,464.05,842.36,5.807623951134858,10.285371
2008-06-01,19589.801414566755,55.62930475349226,0.5777203222405654,0.6495956778526306,1.1920929e-07,4.71,4.71,15.456,4.645,1.44,7.85,300.34,696.45,5.618383734384446,9.633624
2008-06-02,19589.12385360553,54.546873992714836,0.5710174983966797,0.6875969767570496,1.1920929e-07,3.94,3.94,15.456,4.765,0.8,8.73,362.58,660.52,5.549336157516877,9.07353
2008-06-03,19588.51452432276,60.91001751788278,0.6153047394287775,0.5181742288858544,1.1920929e-07,19.59,19.59,15.456,4.23,0.86,7.6,307.17,668.64,5.96775644356891,10.489041
2008-06-04,19588.15698083586,69.73441578354156,0.660201569409192,0.1963526643795248,1.1920929e-07,10.78,10.78,15.505464,3.215,0.1,6.33,289.35,629.28,6.600736554155238,11.507395
2008-06-05,19587.956207752788,72.9860508498906,0.696802731720008,0.22188063306033357,1.1920929e-07,11.32,11.32,15.552,3.295,0.81,5.78,239.94,661.47,6.850543679306181,9.236466
2008-06-06,19587.89407439708,85.71433073992263,0.7499077506450679,1.1920928955078125e-07,1.1920929e-07,27.0,27.0,15.552,2.005,0.2,3.81,177.12,632.12,7.922733374151265,9.9289465
2008-06-07,19587.906248877785,96.8154585449232,0.8991030955514364,0.08748968277068059,1.1920929e-07,13.41,13.41,15.552,2.885,1.22,4.55,165.0,678.59,8.993983789854875,12.831254
2008-06-08,19587.303657594108,92.51931773442067,1.03985114257719,0.9979414343833923,1.1920929e-07,0.59,0.59,15.552,5.745,1.07,10.42,516.01,674.41,8.56322305709939,9.979864
2008-06-09,19586.720179554944,90.60763349740722,0.8441111444464215,0.10122354967439406,1.1920929e-07,13.35,13.35,15.559052,2.925,-1.61,7.46,393.53,569.37,8.378236967608675,9.063346
2008-06-10,19586.71142054008,100.71000922168955,0.8451206823162345,1.1920928955078125e-07,1.0864735e-05,26.03999,26.04,15.641572,1.31,-1.79,4.41,280.52,544.41,9.40317454358848,10.692712
2008-06-11,19586.71547395209,105.33764922085119,0.9736983691841968,0.03275949336751349,1.1920929e-07,2.25,2.25,15.647997,2.725,0.57,4.88,288.98,645.5,9.913660432509804,9.90858
2008-06-12,19585.99803118606,96.43005220627889,1.1844046371386958,1.3969558477401733,1.1920929e-07,1.1920929e-07,0.0,15.647997,7.005,0.33,13.68,604.69,640.69,8.954471285028799,9.042979
2008-06-13,19584.380939219613,88.31596475555497,1.1601463305185313,1.724717617034912,1.1920929e-07,1.1920929e-07,0.0,15.647997,8.04,2.18,13.9,577.32,727.37,8.161740266956182,9.297567
2008-06-14,19582.901765961527,80.90833368988501,0.9924634838180707,1.3906222581863403,1.1920929e-07,1.1920929e-07,0.0,15.647997,6.985,-0.14,14.11,617.19,617.78,7.499470476777342,9.755827
2008-06-15,19581.51426495426,74.1311531229711,0.9155772751312542,1.4238735437393188,1.1920929e-07,1.1920929e-07,0.0,15.647997,7.09,0.39,13.79,604.95,643.75,6.940749050558662,9.012428
2008-06-16,19579.560757087584,68.39568632680653,1.0078209655129728,2.2915711402893066,1.1920929e-07,1.1920929e-07,0.0,15.647997,9.83,3.76,15.9,570.15,801.06,6.500554990990488,8.930961
2008-06-17,19577.831727968525,62.95126944582085,0.736661952575504,1.1626139879226685,1.1920929e-07,1.1920929e-07,0.0,15.647997,6.265,1.39,11.14,495.8,688.21,6.108555777040389,8.839309
2008-06-18,19576.694294512705,57.47127882972704,0.6879116716926902,1.2718679904937744,1.1920929e-07,1.1920929e-07,0.0,15.647997,6.61,1.78,11.44,531.88,714.76,5.737862750325386,7.8515058
2008-06-19,19574.92051694026,52.92858205515428,0.7838932097040516,2.3169054985046387,1.1920929e-07,1.1920929e-07,0.0,15.647997,9.91,3.48,16.34,592.23,787.59,5.447685795146795,7.484898
2008-06-20,19571.865483940623,49.760178525532126,0.9693305201486733,3.705538749694824,1.1920929e-07,1.1920929e-07,0.0,15.647997,14.295,8.67,19.92,515.27,1133.33,5.25402766560442,8.839309
2008-06-21,19568.16098415503,47.33822185645219,0.8678405865026897,3.393610954284668,1.1920929e-07,1.1920929e-07,0.0,15.647997,13.31,6.64,19.98,575.79,995.28,5.110649251870247,12.423913
2008-06-22,19565.50357334948,44.23869442471295,0.6083460148404418,1.949558973312378,1.1920929e-07,1.1920929e-07,0.0,15.647997,8.75,3.72,13.78,506.59,821.1,4.9328521838029475,12.525748
2008-06-23,19563.69130376527,40.65109321403721,0.5416476231857228,1.794386863708496,1.1920929e-07,1.1920929e-07,0.0,15.647997,8.26,2.48,14.04,547.34,736.76,4.734766885824901,10.061333
2008-06-24,19561.77034862872,37.39339140147403,0.5262298809066432,2.0635628700256348,1.1920929e-07,1.1920929e-07,0.0,15.647997,9.11,2.89,15.33,561.73,756.07,4.5617960206095916,8.503252
2008-06-25,19559.438763794406,34.70097779420427,0.5410300294300515,2.5734148025512695,1.1920929e-07,1.1920929e-07,0.0,15.647997,10.72,4.74,16.7,542.5,862.2,4.423619252404847,8.381049
2008-06-26,19557.188386374393,32.10068420800171,0.4481412183125462,2.0239782333374023,1.1920929e-07,1.1920929e-07,0.0,15.647997,8.985,2.74,15.23,562.8,756.56,4.294144560368123,8.625454
2008-06-27,19554.679288491763,29.898064717573632,0.5238361138260146,3.16243577003479,1.1920929e-07,1.1920929e-07,0.0,15.647997,12.58,5.61,19.55,574.1,910.2,4.18744002008391,10.590877
2008-06-28,19550.561236178673,29.227567316101773,0.7272790831846117,4.989667892456055,1.1920929e-07,1.1920929e-07,0.0,15.647997,18.35,12.33,24.37,484.27,1427.6,4.155487670928415,14.867961
2008-06-29,19545.11058878662,29.714184334977173,0.8467780151066382,5.719610691070557,1.1920929e-07,1.1920929e-07,0.0,15.647997,20.655,13.03,28.28,552.92,1504.96,4.178652885862275,18.63587
2008-06-30,19539.44002902592,30.341856617999667,0.8302407720748686,5.499518871307373,1.1920929e-07,1.1920929e-07,0.0,15.647997,19.96,12.81,27.11,532.47,1475.86,4.208723796252023,21.792765
2008-07-01,19534.377185909718,30.42301507223642,0.708324969375161,4.652405738830566,1.1920929e-07,1.1920929e-07,0.0,15.601469,17.285,10.9,23.67,513.0,1312.22,4.21262775186333,19.348717
2008-07-02,19529.55417822317,30.309414966075227,0.7411559890432075,4.92949914932251,1.1920929e-07,1.1920929e-07,0.0,15.552,18.16,11.97,24.35,495.05,1398.52,4.207164271600395,16.293655
2008-07-03,19525.30462571036,33.40205405990474,0.6269050605816627,3.5456161499023438,1.1920929e-07,8.02,8.02,15.552,13.79,8.04,19.54,369.86,1105.96,4.358462043187068,19.043211
2008-07-04,19522.235174424775,35.67181394450525,0.563146440741303,2.666834831237793,1.1920929e-07,1.1920929e-07,0.0,15.552,11.015,7.52,14.51,339.14,1068.52,4.4729540770086125,14.358785
2008-07-05,19519.700714078957,38.81385050731772,0.5843574506180029,2.429326295852661,1.1920929e-07,10.82,10.82,15.552,10.265,6.59,13.94,269.06,1000.2,4.636425845745918,11.711065
2008-07-06,19517.702982107094,40.65011485102778,0.5188259119751593,1.6138801574707031,1.1920929e-07,1.1920929e-07,0.0,15.552,7.69,5.4,9.98,228.94,917.61,4.7347139663492275,11.507395
2008-07-07,19515.858438150837,37.33390809426199,0.5420630125414816,2.277320623397827,1.1920929e-07,1.1920929e-07,0.0,15.463053,9.785,4.57,15.0,474.05,862.3,4.558697154938648,9.5521555
2008-07-08,19512.896144513084,35.195038922369015,0.6660470282768268,3.620035409927368,1.1920929e-07,1.1920929e-07,0.0,15.456,14.025,8.25,19.8,465.89,1100.09,4.44865750123894,10.040966
2008-07-09,19508.93759422074,34.038154409077535,0.7004601887659463,4.053884506225586,1.1920929e-07,1.1920929e-07,0.0,15.456,15.395,9.25,21.54,480.26,1181.65,4.390249601026588,10.489041
2008-07-10,19505.560651303174,32.45461976127078,0.5111241441856431,2.685835361480713,1.1920929e-07,1.1920929e-07,0.0,15.456,11.075,5.28,16.87,465.18,905.77,4.311542526745699,9.949314
2008-07-11,19502.768377661294,30.481861728297552,0.5184664889698677,3.1038506031036377,1.1920929e-07,1.1920929e-07,0.0,15.367059,12.395,5.43,19.36,522.54,901.07,4.215460710257303,7.9024234
2008-07-12,19498.998942701266,29.48409287532634,0.6410179132577908,4.373729228973389,1.1920929e-07,1.1920929e-07,0.0,15.359997,16.405,10.99,21.82,414.31,1319.26,4.167683420343746,7.708936
2008-07-13,19494.361866055424,29.287999557753924,0.6859567818967462,4.7664103507995605,1.1920929e-07,1.1920929e-07,0.0,15.359997,17.645,11.0,24.29,473.71,1320.02,4.158357525956013,8.543986
2008-07-14,19489.702194384943,29.121941361190466,0.6526124911933723,4.535235404968262,1.1920929e-07,1.1920929e-07,0.0,15.353575,16.915,11.45,22.38,423.96,1355.82,4.150476375797388,9.236466
2008-07-15,19485.228242605754,28.812622930616037,0.6268359996387797,4.410147190093994,1.1920929e-07,1.1920929e-07,0.0,15.263997,16.52,10.42,22.62,454.88,1273.29,4.135835873444597,8.625454
2008-07-16,19481.20314516678,28.14198258956524,0.5355751783606363,3.7134554386138916,1.1920929e-07,1.1920929e-07,0.0,15.263997,14.32,8.75,19.89,430.54,1140.65,4.104270588757668,8.034809
2008-07-17,19477.699492679476,27.06242892802846,0.47631756047287066,3.314441442489624,1.1920929e-07,1.1920929e-07,0.0,15.257575,13.06,7.27,18.85,458.81,1025.12,4.0539640704320155,7.1997595
2008-07-18,19474.724701267296,25.5818523802413,0.3933892595708813,2.66050124168396,1.1920929e-07,1.1920929e-07,0.0,15.168,10.995,4.91,17.08,495.53,878.39,3.985971351133176,6.619298
2008-07-19,19472.163454773156,23.82445782446585,0.3646351381293152,2.6367502212524414,1.1920929e-07,1.1920929e-07,0.0,15.168,10.92,5.04,16.8,483.19,896.99,3.906744843126377,6.323975
2008-07-20,19468.97703905048,22.736226888761845,0.43376584952711134,3.7609572410583496,1.1920929e-07,1.1920929e-07,0.0,15.161578,14.47,8.33,20.61,478.72,1106.36,3.858476913048821,6.507279
2008-07-21,19465.02713889661,22.391070788076423,0.436376426081282,3.901879072189331,1.1920929e-07,1.1920929e-07,0.0,15.071998,14.915,9.1,20.73,445.04,1168.26,3.843292610534366,6.873886
2008-07-22,19462.145131177444,21.09751132523386,0.2724263798604362,1.8244709968566895,1.1920929e-07,1.1920929e-07,0.0,15.071998,8.355,5.02,11.69,287.13,889.89,3.7869153193434872,6.782234
2008-07-23,19460.593471093136,18.671526091278796,0.22795799598387442,1.5790456533432007,1.1920929e-07,1.1920929e-07,0.0,14.983053,7.58,4.1,11.06,319.54,832.84,3.683403761092795,6.2730575
2008-07-24,19458.32034008834,17.050499771127868,0.2750567001061517,2.966095447540283,1.1920929e-07,1.1920929e-07,0.0,14.975997,11.96,3.98,19.94,551.58,817.18,3.6158197974407313,5.784248
2008-07-25,19455.01510001618,16.465585732399543,0.29548519996430084,3.5091981887817383,1.1920929e-07,1.1920929e-07,0.0,14.975997,13.675,7.72,19.63,459.8,1057.78,3.591739160449464,6.2323236
2008-07-26,19451.601393801917,16.010515545575657,0.2700873170889263,3.225771427154541,1.1920929e-07,1.1920929e-07,0.0,14.88,12.78,6.79,18.77,475.7,994.67,3.573115111438392,5.9268174
2008-07-27,19448.83326841574,14.983027624000137,0.21155135294721908,2.3295726776123047,1.1920929e-07,1.1920929e-07,0.0,14.88,9.95,5.81,14.09,367.06,951.23,3.5314188925254455,5.804615
2008-07-28,19446.20851898777,13.88628338470518,0.21852464975379526,2.9059267044067383,1.1920929e-07,1.1920929e-07,0.0,14.784,11.77,4.5,19.04,529.76,854.2,3.487448931290333,5.438008
2008-07-29,19443.70372025751,12.729232675391657,0.17000560872738535,2.08573055267334,1.1920929e-07,1.1920929e-07,0.0,14.784,9.18,6.74,11.62,224.43,994.91,3.441654522852652,5.5296597
2008-07-30,19441.88081595643,10.992756779231287,0.13355916217719563,1.6360478401184082,1.1920929e-07,1.1920929e-07,0.0,14.737467,7.76,3.44,12.08,406.26,805.89,3.374053258679102,5.8555326
2008-07-31,19439.540339669114,9.83172653237877,0.15429343934159895,2.924927234649658,1.1920929e-07,1.1920929e-07,0.0,14.688,11.83,5.71,17.95,479.98,922.75,3.3295964973738563,4.928831
2008-08-01,19437.015308819413,10.886625855957478,0.14503777114832808,2.107897996902466,1.1920929e-07,4.01,4.01,14.681575,9.25,4.18,14.32,397.32,839.83,3.369964890893417,6.415627
2008-08-02,19435.21979799162,11.148995086370556,0.13098061375422915,1.5204601287841797,1.1920929e-07,1.1920929e-07,0.0,14.592003,7.395,3.75,11.04,358.87,820.23,3.380080886509875,5.499109
2008-08-03,19433.601159026457,9.304418207108757,0.12070177865456327,2.006561040878296,1.1920929e-07,1.1920929e-07,0.0,14.592003,8.93,3.43,14.43,471.77,798.3,3.3095993460720132,4.72516
2008-08-04,19430.618022030078,8.835987053605919,0.16765578542147294,3.965214490890503,1.1920929e-07,1.1920929e-07,0.0,14.496,15.115,10.12,20.11,398.37,1249.68,3.291935754708722,5.0306664
2008-08-05,19426.049556371458,10.890394237351309,0.25486553758127234,5.070420265197754,1.1920929e-07,2.0,2.0,14.496,18.605,12.92,24.29,394.5,1477.77,3.370109971348473,5.621311
2008-08-06,19420.69486464203,13.509219376420468,0.34357433368160556,5.553354263305664,1.1920929e-07,1.1920929e-07,0.0,14.4,20.13,14.67,25.59,399.9,1665.99,3.47245873828271,6.334159
2008-08-07,19415.12912494213,15.203817864771258,0.3715422823664704,5.338013648986816,1.1920929e-07,1.1920929e-07,0.0,14.4,19.45,13.74,25.16,419.77,1579.22,3.540337484011385,6.0999374
2008-08-08,19410.513857530073,15.925008074272844,0.2926624583143677,3.8686280250549316,1.1920929e-07,1.1920929e-07,0.0,14.304003,14.81,7.77,21.85,501.84,1080.9,3.5696264541848257,6.6294813
2008-08-09,19407.302732921467,15.319907907678946,0.21903177659788542,2.5892486572265625,1.1920929e-07,1.1920929e-07,0.0,14.304003,10.77,6.35,15.19,379.82,983.13,3.545035851522523,5.7740645
2008-08-10,19405.040062243253,13.870533024191587,0.18357641512221035,2.2377359867095947,1.1920929e-07,1.1920929e-07,0.0,14.208003,9.66,5.38,13.94,383.33,922.14,3.4868214820207637,4.5011225
2008-08-11,19402.303215096363,12.947389819182453,0.2102412611204429,3.266939401626587,1.1920929e-07,1.1920929e-07,0.0,14.208003,12.91,7.97,17.85,419.95,1089.27,3.4502426277427922,4.826996
2008-08-12,19398.661235752726,12.917633974881538,0.23766503581997267,3.9446306228637695,1.1920929e-07,1.1920929e-07,0.0,14.111995,15.05,10.07,20.03,391.99,1244.55,3.449069980370405,5.1223183
2008-08-13,19394.876268729455,13.01827692155059,0.228773885834089,3.7071220874786377,1.1920929e-07,1.1920929e-07,0.0,14.111995,14.3,8.63,19.97,435.69,1126.95,3.4530378223886133,5.519476
2008-08-14,19390.400474228303,13.760755944539207,0.32500537548109654,5.300012111663818,1.1920929e-07,1.1920929e-07,0.0,14.016,19.33,14.05,24.61,384.38,1596.35,3.4824514117065006,6.619298
2008-08-15,19384.57054120642,15.68879245788712,0.44384414261785055,6.284881114959717,1.1920929e-07,1.1920929e-07,0.0,14.009578,22.44,17.33,27.55,360.46,1962.29,3.5600066803112327,7.2812276
2008-08-16,19378.075161270048,18.080603643143657,0.5363412143490593,6.582557678222656,1.1920929e-07,1.1920929e-07,0.0,13.919997,23.38,16.75,30.01,427.43,1881.65,3.6586218910776713,7.9940753
2008-08-17,19371.658144816916,20.23926205473101,0.5393352333382647,6.026788234710693,1.1920929e-07,1.1920929e-07,0.0,13.831053,21.625,14.83,28.42,459.04,1675.1,3.7499673092144272,8.7680235
2008-08-18,19366.650375729023,21.027723513673156,0.37921444042625974,3.9477975368499756,1.1920929e-07,0.11,0.11,13.824003,15.06,9.95,20.17,408.67,1251.69,3.7838973738182053,7.8515058
2008-08-19,19363.38296411426,31.462481052085522,0.4448392968139114,2.739670515060425,1.1920929e-07,22.18,22.18,13.728,11.245,8.59,13.9,172.58,1138.42,4.262950442030393,6.0999374
2008-08-20,19360.83301353539,48.81207462557757,0.6548944656423861,2.47682785987854,1.1920929e-07,17.75,17.75,13.728,10.415,6.71,14.12,251.81,1012.56,5.197427488934198,10.489041
2008-08-21,19358.825394973897,60.59482141559635,0.6849691439859662,1.664548635482788,1.1920929e-07,14.04,14.04,13.631997,7.85,4.85,10.85,204.19,881.32,5.946306330233285,7.607101
2008-08-22,19356.89337360783,64.60918618097033,0.8483088619212995,2.403992176055908,1.1920929e-07,3.81,3.81,13.631997,10.185,4.62,15.75,331.97,859.57,6.22535497824295,4.541857
2008-08-23,19353.56048634505,62.33185582096891,1.142291908439996,4.140970706939697,1.1920929e-07,1.1920929e-07,0.0,13.536,15.67,10.61,20.73,385.82,1286.98,6.065482991339484,4.541857
2008-08-24,19349.613158481785,58.862458678083314,0.950052430923387,3.4838640689849854,1.1920929e-07,1.1920929e-07,0.0,13.536,13.595,8.1,19.09,416.81,1088.02,5.829782415419656,4.7862616
2008-08-25,19346.901113505533,57.646428887887325,0.6903296406425755,2.0176448822021484,1.1920929e-07,5.4,5.4,13.440002,8.965,4.84,13.09,266.67,884.38,5.749355245813161,4.714977
2008-08-26,19345.149972564148,59.33437203904124,0.6525227487221745,1.6344643831253052,1.1920929e-07,7.38,7.38,13.343994,7.755,2.65,12.86,317.73,758.59,5.861296533130652,3.747541
2008-08-27,19343.445053534346,66.44366938332644,0.7571573871190237,1.8086373805999756,1.1920929e-07,15.99,15.99,13.343994,8.305,5.54,11.07,187.47,918.58,6.357197632471733,7.57655
2008-08-28,19341.463188407517,74.07201865599612,0.9019316000026939,2.171233654022217,1.1920929e-07,9.36,9.36,13.248003,9.45,6.26,12.64,226.01,972.54,6.936061783738536,8.574536
2008-08-29,19338.91864190822,72.87008102040782,1.0179751084359359,2.8584249019622803,1.1920929e-07,1.1920929e-07,0.0,13.248003,11.62,6.06,17.18,434.16,968.21,6.841473795197097,7.7394867
2008-08-30,19336.72196794535,67.31568049718248,0.6890539551395896,1.355787754058838,1.1920929e-07,1.1920929e-07,0.0,13.152002,6.875,3.05,10.7,311.53,777.53,6.420843770685733,5.6824126
2008-08-31,19335.748680233693,62.00845307424017,0.559563235991408,0.7493492364883423,1.1920929e-07,0.94,0.94,13.152002,4.96,1.87,8.05,264.94,712.17,6.0431150296612675,3.8493762
2008-09-01,19334.83874888574,57.00062933694157,0.5548967231292212,1.148363471031189,1.1920929e-07,1.1920929e-07,0.0,13.056003,6.22,1.89,10.55,382.64,713.2,5.707094693501761,3.3401995
2008-09-02,19333.315151768835,52.39755976630207,0.5851707682824699,1.852972149848938,1.1920929e-07,1.1920929e-07,0.0,12.960006,8.445,3.42,13.47,403.49,783.45,5.4147379136162845,3.19763
2008-09-03,19331.39145157729,48.45756213819919,0.558132044286949,2.0049777030944824,1.1920929e-07,1.1920929e-07,0.0,12.960006,8.925,4.26,13.59,367.68,833.16,5.176420675950112,3.2892818
2008-09-04,19329.252902924552,44.97644369728248,0.5326275969516221,2.1791505813598633,1.1920929e-07,1.1920929e-07,0.0,12.863997,9.475,4.56,14.39,386.8,851.66,4.9746022956128435,3.3707502
2008-09-05,19326.77207151252,42.02637567466523,0.5629643527009329,2.7950892448425293,1.1920929e-07,1.1920929e-07,0.0,12.863997,11.42,7.08,15.76,336.11,1001.62,4.809743524247709,3.8493762
2008-09-06,19323.911951084032,39.59524746818105,0.5396508582652679,2.9201769828796387,1.1920929e-07,1.1920929e-07,0.0,12.768,11.815,7.41,16.22,341.59,1023.86,4.677999119050582,4.399287
2008-09-07,19320.70446352853,37.62629962464163,0.5704659238224803,3.501281261444092,1.1920929e-07,1.1920929e-07,0.0,12.672003,13.65,9.61,17.69,310.1,1189.25,4.5739499839120565,4.317819
2008-09-08,19316.986866400144,36.224087739677614,0.5804488194673852,3.7862915992736816,1.1920929e-07,1.1920929e-07,0.0,12.672003,14.55,10.27,18.83,321.37,1227.48,4.501264017340833,4.114148
2008-09-09,19313.469545498036,34.73792160495387,0.4931197584501908,3.203603982925415,1.1920929e-07,1.1920929e-07,0.0,12.575997,12.71,7.49,17.93,371.39,938.66,4.425486622560833,3.9308445
2008-09-10,19310.46819023639,32.89858453419718,0.4313685128279427,2.8014228343963623,1.1920929e-07,1.1920929e-07,0.0,12.575997,11.44,5.89,16.99,391.28,836.22,4.333465645023536,3.7271738
2008-09-11,19307.065959491814,31.535167942952167,0.5129453395943541,3.943047046661377,1.1920929e-07,1.1920929e-07,0.0,12.48,15.045,9.78,20.31,370.81,1091.4,4.266491769080969,3.8086421
2008-09-12,19303.36199995871,30.515219653865515,0.4501880284390509,3.479113817214966,1.1920929e-07,1.1920929e-07,0.0,12.383997,13.58,7.75,19.41,393.18,938.65,4.217067452339382,4.002129
2008-09-13,19300.136329811114,29.13633946014929,0.40425904548427827,3.165602684020996,1.1920929e-07,1.1920929e-07,0.0,12.383997,12.59,7.12,18.06,373.49,919.86,4.151159120205677,3.706807
2008-09-14,19296.52567820903,28.190674567346953,0.4640316147079419,4.085552215576172,1.1920929e-07,1.1920929e-07,0.0,12.288,15.495,10.34,20.65,349.65,1152.61,4.106554259721443,3.7271738
2008-09-15,19292.01102793955,28.10120187759883,0.5440713062231722,4.940582752227783,1.1920929e-07,1.1920929e-07,0.0,12.288,18.195,12.88,23.51,351.26,1346.56,4.102358936200236,3.9919457
2008-09-16,19286.647584813676,28.75674019709362,0.6375712635759138,5.711693286895752,1.1920929e-07,1.1920929e-07,0.0,12.192,20.63,14.09,27.17,395.34,1387.67,4.133196373540839,4.3076353
2008-09-17,19280.994389251737,29.6169397724405,0.6075989966390564,5.331679821014404,1.1920929e-07,1.1920929e-07,0.0,12.103056,19.43,12.77,26.09,403.75,1280.23,4.1740132943501855,4.6946096
2008-09-18,19276.331558185484,29.564032374777167,0.4695093848836215,3.981048583984375,1.1920929e-07,1.1920929e-07,0.0,12.096,15.165,9.92,20.41,360.5,1146.16,4.171491217465938,4.7658944
2008-09-19,19272.710804468847,28.583116815471293,0.3918852488517297,3.2653560638427734,1.1920929e-07,1.1920929e-07,0.0,12.000006,12.905,7.65,18.16,363.5,1001.29,4.125006391521697,4.2465343
2008-09-20,19270.364966537785,33.51631396634211,0.3210867024412764,1.4792919158935547,1.1920929e-07,13.47,13.47,12.000006,7.265,4.4,10.13,176.56,850.35,4.364154895811177,4.7455273
2008-09-21,19269.027484803457,39.51832653685092,0.3566777197890967,1.229116439819336,1.1920929e-07,5.31,5.31,11.903997,6.475,4.4,8.55,137.34,854.84,4.673890146880835,3.8086421
2008-09-22,19268.182510489503,37.52956834154393,0.29101851156009184,0.5023402568888287,1.1920929e-07,1.1920929e-07,0.0,11.903997,4.18,1.11,7.25,254.08,678.38,4.5688982815503705,3.0957947
2008-09-23,19267.532499047342,33.43816892851454,0.28543986613103606,0.9995248913764954,1.1920929e-07,1.1920929e-07,0.0,11.808002,5.75,0.21,11.29,378.77,618.5,4.360260616868975,2.230194
2008-09-24,19265.83467583073,30.51673761390257,0.3381727889869801,2.315321922302246,1.1920929e-07,1.1920929e-07,0.0,11.711994,9.905,5.67,14.14,304.43,921.14,4.2171405820719325,2.1385424
2008-09-25,19263.915712563154,28.419050957941835,0.2636526674583263,1.4412906169891357,1.1920929e-07,0.9,0.9,11.711994,7.145,5.06,9.23,151.11,884.33,4.117282160787822,2.3931308
2008-09-26,19262.266141887274,26.22071696072231,0.26330930870458713,1.8688061237335205,1.1920929e-07,1.1920929e-07,0.0,11.615997,8.495,4.2,12.79,317.14,829.19,4.015169015412307,2.2403777
2008-09-27,19260.31994296077,23.92075372869863,0.25101545181408486,2.08573055267334,1.1920929e-07,1.1920929e-07,0.0,11.615997,9.18,4.06,14.3,346.19,826.3,3.9110449683193025,2.0774412
2008-09-28,19257.61337396045,22.624293587792636,0.3055382049037224,3.396777391433716,1.1920929e-07,0.26,0.26,11.520002,13.32,8.34,18.3,307.47,1103.71,3.8535461184873543,2.1589096
2008-09-29,19253.726285039585,22.45468989866462,0.3597104291582477,4.324644088745117,1.1920929e-07,1.1920929e-07,0.0,11.424,16.25,11.31,21.19,297.5,1340.83,3.846086879499015,2.586618
2008-09-30,19249.143957604207,22.803971870309283,0.3967580920058338,4.760076522827148,1.1920929e-07,1.1920929e-07,0.0,11.424,17.625,12.76,22.49,287.13,1465.37,3.8614642240219648,3.19763
2008-10-01,19244.399877993852,23.27681809346683,0.3818639693505054,4.4940667152404785,1.1920929e-07,1.1920929e-07,0.0,11.328,16.785,11.71,21.86,296.17,1374.95,3.882379557322013,3.8290093
2008-10-02,19240.58034919189,22.8730913657803,0.28813536869372597,3.127601385116577,1.1920929e-07,1.1920929e-07,0.0,11.328,12.47,8.09,16.85,277.27,1089.42,3.8645145298493557,3.5133197
2008-10-03,19238.122818905853,29.99996361354523,0.29008440410786657,1.8482221364974976,1.1920929e-07,18.24,18.24,11.2319975,8.43,6.61,10.25,97.61,988.49,4.192317440777111,3.6253386
2008-10-04,19236.680555527248,44.506472660855806,0.36317086606806465,1.064443826675415,1.1920929e-07,16.25,16.25,11.136003,5.955,2.79,9.12,179.54,775.72,4.947965409147013,5.8657165
2008-10-05,19235.995184197043,51.78448886397318,0.3615827731042367,0.3218214674878386,1.1920929e-07,8.51,8.51,11.136003,3.61,0.65,6.57,155.93,650.23,5.376946988536066,3.574421
2008-10-06,19235.22229110458,56.674033743919736,0.4800149817312,1.286118507385254,1.1920929e-07,11.34,11.34,11.04,6.655,4.26,9.05,131.99,836.14,5.685840981088083,3.1467123
2008-10-07,19234.206578783767,59.80021932471764,0.4493849025141607,0.7113479375839233,1.1920929e-07,5.48,5.48,11.04,4.84,1.33,8.35,215.36,692.45,5.892572643354678,4.2363505
2008-10-08,19233.887745564072,56.53193194568445,0.3622690877097575,0.00020417331034209424,1.1920929e-07,1.1920929e-07,0.0,10.9439945,2.595,-0.21,5.4,193.49,607.78,5.676618215868239,2.9939594
2008-10-09,19233.889074390358,50.27244761136198,0.302025384038485,1.1920928955078125e-07,1.1920929e-07,1.1920929e-07,0.0,10.848,1.775,-1.5,5.05,221.79,552.76,5.2848653131901795,2.454232
2008-10-10,19233.88907800194,45.795373916760866,0.26020445613783266,1.1920928955078125e-07,2.2570788e-05,1.6499773,1.65,10.848,0.96,-2.24,4.16,196.9,524.73,5.0213604863566825,2.169093
2008-10-11,19233.889091906145,41.53667406215565,0.24398145248060357,1.1920928955078125e-07,1.1920929e-07,1.1920929e-07,0.0,10.752,1.575,-1.7,4.85,216.31,543.18,4.782911184046737,1.9959729
2008-10-12,19233.82509260684,36.53141205138037,0.24389612204879904,0.2758702352520679,1.1920929e-07,1.1920929e-07,0.0,10.752,3.465,-0.58,7.51,264.2,586.61,4.51709519926403,2.0876248
2008-10-13,19233.278180575675,37.33136747773255,0.274305776780351,0.7731000781059265,1.1920929e-07,9.74,9.74,10.655997,5.035,0.78,9.29,210.53,655.48,4.558564844870689,3.0550606
2008-10-14,19232.521336693248,38.30500017843291,0.2744450444502273,0.6527625322341919,1.1920929e-07,1.1920929e-07,0.0,10.655997,4.655,1.99,7.32,181.92,711.19,4.609551925767941,3.3707502
2008-10-15,19232.037972799044,34.14308203757139,0.22561643835380227,0.3123172831817733,1.1920929e-07,1.43,1.43,10.560002,3.58,-0.37,7.53,235.09,600.08,4.395515332673864,2.4338648
2008-10-16,19231.63728261963,38.057982751932336,0.26572049906687045,0.6163444519042969,1.1920929e-07,14.24,14.24,10.464,4.54,0.65,8.43,184.9,634.65,4.596562408639588,3.7373574
2008-10-17,19230.218939084694,41.5369785893423,0.40012457784254873,2.1791505813598633,1.1920929e-07,1.1920929e-07,0.0,10.464,9.475,6.05,12.9,229.73,932.7,4.782927823477918,3.4522183
2008-10-18,19228.77957273974,37.95098486322737,0.2650881649061193,0.6622627973556519,1.1920929e-07,1.1920929e-07,0.0,10.367997,4.685,1.05,8.32,245.75,671.21,4.5909472465060075,3.3401995
2008-10-19,19227.9338964223,34.04414886243685,0.2528268656138679,0.9551900029182434,1.1920929e-07,1.1920929e-07,0.0,10.367997,5.61,0.33,10.89,296.46,626.16,4.390550259191091,2.586618
2008-10-20,19227.339411387926,33.862186067609194,0.21374315914530012,0.22665487061971312,1.1920929e-07,7.58,7.58,10.272,3.31,-1.03,7.65,203.3,574.56,4.381432889413093,2.4033144
2008-10-21,19227.240216533628,33.133971642415936,0.20371993098744845,0.09951657139543624,1.1920929e-07,1.1920929e-07,0.0,10.272,2.92,-1.99,7.83,282.91,537.34,4.345134316695226,2.230194
2008-10-22,19226.18766552746,29.70653116312789,0.26659580869267435,1.9669764041900635,1.1920929e-07,1.1920929e-07,0.0,10.176,8.805,2.87,14.74,291.24,748.73,4.178287561941052,2.0978081
2008-10-23,19224.846618280575,26.71100847495501,0.18488973188671495,0.7113479375839233,1.1920929e-07,1.1920929e-07,0.0,10.168944,4.84,0.2,9.48,248.41,619.61,4.037721498921378,2.0876248
2008-10-24,19224.08617927593,23.32198520180122,0.16307371147016692,0.8016011118888855,1.1920929e-07,1.1920929e-07,0.0,10.08,5.125,0.42,9.83,259.34,632.78,3.884383344822839,2.0061564
2008-10-25,19223.350182820715,20.406301229458123,0.13849344614719866,0.7018475532531738,1.1920929e-07,0.8,0.8,9.990422,4.81,1.14,8.48,206.08,663.9,3.7571300558695175,2.18946
2008-10-26,19222.26123328895,19.22818626412641,0.15867649836214867,1.6487149000167847,1.1920929e-07,2.32,2.32,9.984,7.8,3.78,11.82,171.54,805.71,3.706902277725154,2.0265236
2008-10-27,19219.57612532629,19.21702561423916,0.2245554898517524,3.437945604324341,1.1920929e-07,1.1920929e-07,0.0,9.887998,13.45,8.28,18.62,251.03,1102.4,3.706429679300702,2.1181753
2008-10-28,19216.446498494686,18.440836968721324,0.19017537998614456,2.803006172180176,1.1920929e-07,1.1920929e-07,0.0,9.887998,11.445,5.55,17.34,264.06,913.23,3.6737093008466144,2.2200108
2008-10-29,19213.950201509426,17.116982992115087,0.1550886154107113,2.2044849395751953,1.1920929e-07,1.1920929e-07,0.0,9.792003,9.555,4.99,14.12,224.89,876.02,3.6185670785456745,2.036707
2008-10-30,19211.607736714886,15.710730756254364,0.15231483900011564,2.5417468547821045,1.1920929e-07,1.1920929e-07,0.0,9.792003,10.62,7.2,14.04,189.2,1015.97,3.5608990144506216,1.9857893
2008-10-31,19209.177104803864,21.049669687410155,0.1924363545688376,2.2979049682617188,1.1920929e-07,13.66,13.66,9.696003,9.85,6.3,13.4,147.56,948.98,3.78484616783796,3.2485478
2008-11-01,19207.05086136153,30.87819307656548,0.26142202124849945,1.9178911447525024,1.1920929e-07,10.27,10.27,9.696003,8.65,5.73,11.57,119.1,916.24,4.2345903306976584,2.739371
2008-11-02,19205.7210427771,39.15884821525508,0.25537729812924426,0.7018475532531738,1.1920929e-07,12.93,12.93,9.6,4.81,1.78,7.84,132.42,713.33,4.6547352821996535,3.747541
2008-11-03,19205.235961848026,47.340988098671616,0.281632036781325,0.2663561325991921,1.1920929e-07,12.79,12.79,9.6,3.435,1.47,5.4,87.49,690.5,5.110810759289427,3.065244
2008-11-04,19205.273834125677,57.65458742918456,0.2715142433933996,1.1920928955078125e-07,0.8082169,18.841782,19.65,9.504003,0.155,-2.65,2.96,124.27,515.62,5.7498911303592415,3.3809338
2008-11-05,19218.49465532974,54.211184382454675,0.246774815499318,1.1920928955078125e-07,9.560323,1.659678,11.22,9.504003,-0.335,-3.74,3.07,142.1,472.52,5.528095605999429,2.719004
2008-11-06,19219.115590518268,73.73141715694452,0.4496015062093949,0.4785894504571999,1.1920929e-07,39.24,39.24,9.408,4.105,-0.1,8.31,155.82,608.32,6.909125716543316,6.721133
2008-11-07,19218.103078031123,96.30774214991231,0.7205218633981325,1.4602915048599243,1.1920929e-07,20.92,20.92,9.408,7.205,5.57,8.84,68.28,907.4,8.941968174530361,14.46062
2008-11-08,19216.544799289466,100.90510776497533,0.7455408860302127,1.4460408687591553,1.1920929e-07,6.39,6.39,9.318422,7.16,5.01,9.31,86.9,884.93,9.424155821110762,8.513435
2008-11-09,19215.530304702854,97.41618794142761,0.5996591517836439,0.5720095634460449,1.1920929e-07,6.55,6.55,9.312,4.4,2.54,6.26,75.5,745.8,9.055919539483721,5.7333302
2008-11-10,19215.263020513845,97.84847553452735,0.5435860673527638,0.10971504524764697,1.1920929e-07,13.8,13.8,9.26253,2.95,1.03,4.87,78.37,672.57,9.100752505953338,4.5214896
2008-11-11,19214.87035821617,112.07222994175478,0.7049213001341699,0.7240150570869446,1.1920929e-07,37.85,37.85,9.216,4.88,1.08,8.68,139.59,667.21,10.706485717770605,5.1325016
2008-11-12,19213.952823106465,176.3142241166943,0.9135656952857971,1.0406930446624756,1.1920929e-07,128.56,128.56,9.216,5.88,2.71,9.05,120.62,751.36,54.42750699323552,60.795704
2008-11-13,19213.481847012983,193.31597560901497,0.6890034079551697,1.1920928955078125e-07,1.322329e-06,44.37,44.37,9.119997,1.825,-1.44,5.09,126.24,567.62,71.42925848555619,31.874464
2008-11-14,19213.46628703083,156.6904621264681,0.7539915442466736,0.17709886911221506,1.1920929e-07,1.1920929e-07,0.0,9.119997,3.155,-0.79,7.1,185.25,586.48,34.80374500300932,12.118407
2008-11-15,19212.187893138893,134.724623679396,1.152511104788044,2.3248226642608643,1.1920929e-07,1.1920929e-07,0.0,9.024003,9.935,5.74,14.13,183.06,923.55,13.86865106507202,7.6987524
2008-11-16,19209.50557230978,123.20337599294041,1.1942305665038853,2.9518449306488037,1.1920929e-07,1.1920929e-07,0.0,9.024003,11.915,8.31,15.52,162.59,1105.18,12.158302208322166,5.804615
2008-11-17,19206.571511414484,113.49071489700995,1.124938078246997,3.0690157413482666,1.1920929e-07,1.1920929e-07,0.0,9.016947,12.285,7.26,17.31,191.37,1020.56,10.881395698637347,4.7862616
2008-11-18,19204.764661659825,104.11906301890792,0.6833943795026124,1.0802778005599976,1.1920929e-07,1.1920929e-07,0.0,8.928,6.005,1.15,10.86,193.05,667.91,9.776606912736982,4.1752496
2008-11-19,19203.93699333654,94.97192676720574,0.5567793393838099,0.5403417622839335,1.1920929e-07,1.1920929e-07,0.0,8.928,4.3,1.52,7.08,124.5,686.25,8.806546133415168,3.7169902
2008-11-20,19203.542861196205,89.14562832504741,0.48596390471134365,0.24413866544816099,1.1920929e-07,5.88,5.88,8.838422,3.365,-1.39,8.12,142.55,569.69,8.239465833009831,3.5540538
2008-11-21,19203.465323227854,86.86034381256984,0.4339225477804207,1.1920928955078125e-07,1.1920929e-07,5.71,5.71,8.831997,2.085,-2.08,6.25,133.38,536.76,8.027140456240772,3.2994654
2008-11-22,19203.539225250734,81.20575783184708,0.3361933043535337,1.1920928955078125e-07,1.1920929e-07,1.1920929e-07,0.0,8.831997,-0.645,-2.98,1.69,116.53,504.89,7.524995384390181,3.0957947
2008-11-23,19203.790334470566,73.8288602684292,0.33002554962835934,1.1920928955078125e-07,0.00033979118,0.7496602,0.75,8.742422,0.61,-3.22,4.44,159.18,489.05,6.9168211895846365,2.8615735
2008-11-24,19203.34709499383,67.57015771457475,0.4443461021365262,1.194281816482544,1.1920929e-07,1.1920929e-07,0.0,8.736,6.365,1.76,10.97,177.81,697.39,6.439537320416881,2.719004
2008-11-25,19202.431944821587,61.784222966713116,0.3532437311972563,0.5245078176846647,1.1920929e-07,1.1920929e-07,0.0,8.736,4.25,-0.47,8.97,179.48,589.19,6.027654726995097,2.6171684
2008-11-26,19202.33832129366,57.16833915811382,0.2507494009307799,1.1920928955078125e-07,0.0043027895,3.0056973,3.01,8.646422,0.495,-2.86,3.85,117.15,497.85,5.718039523285576,2.494966
2008-11-27,19202.297248899038,52.73080414319576,0.2817576414806787,0.25683794889712175,1.1920929e-07,0.41,0.41,8.64,3.405,0.17,6.64,136.04,614.31,5.43539107528842,2.4033144
2008-11-28,19202.216358120513,51.29604250663264,0.25610630699633885,1.1920928955078125e-07,1.1920929e-07,8.02,8.02,8.64,2.4,-0.31,5.11,95.22,599.74,5.347027040159281,2.36258
2008-11-29,19201.828230978972,57.261931668873686,0.35094538966306205,0.9124383926391602,1.1920929e-07,14.18,14.18,8.632941,5.475,4.3,6.65,44.47,835.61,5.724156541588508,3.4013007
2008-11-30,19200.156348547753,62.14514784391705,0.5035069920187536,2.3264057636260986,1.1920929e-07,4.41,4.41,8.544,9.94,6.27,13.61,115.05,958.6,6.052559361425087,3.615155
2008-12-01,19198.04122570853,62.54224998915796,0.4393929229970504,1.623380422592163,1.1920929e-07,5.57,5.57,8.544,7.72,3.66,11.78,119.7,797.74,6.080079212974621,3.1467123
2008-12-02,19197.114933478955,63.9971972945481,0.34089622028630345,0.29488971809588094,1.1920929e-07,8.29,8.29,8.544,3.525,1.44,5.61,72.16,688.11,6.181982951632537,3.5438702
2008-12-03,19197.05572232164,61.77156669045345,0.30092637211779066,1.1920928955078125e-07,1.1920929e-07,1.1920929e-07,0.0,8.536944,2.215,-0.36,4.79,115.49,602.41,6.026783277442972,3.0550606
2008-12-04,19197.077666140627,55.66503291232769,0.2734065497359567,1.1920928955078125e-07,1.1920929e-07,1.1920929e-07,0.0,8.448,2.49,-1.66,6.64,156.39,544.79,5.6206773994608845,2.7902887
2008-12-05,19196.57639061521,50.4253677384179,0.30847088015100094,1.0074418783187866,1.1920929e-07,1.1920929e-07,0.0,8.448,5.775,2.24,9.31,142.39,722.29,5.294105852336557,2.627352
2008-12-06,19195.541876797295,45.96900910311706,0.27028096002818786,0.817435085773468,1.1920929e-07,1.1920929e-07,0.0,8.448,5.175,2.32,8.03,115.56,725.24,5.031330810536353,2.494966
2008-12-07,19195.272022567035,55.03825117876465,0.24690016320435507,1.1920928955078125e-07,4.9186947e-05,26.619951,26.62,8.448,1.16,-1.3,3.62,81.93,563.36,5.580574996464035,4.1345153
2008-12-08,19208.498571011092,57.10645241797351,0.21324887665023648,1.1920928955078125e-07,15.949971,2.8045475e-05,15.95,8.448,-1.485,-4.4,1.43,95.0,454.62,5.7139983210883445,4.002129
2008-12-09,19216.175667836727,54.01231578650749,0.23346746717861713,1.1920928955078125e-07,0.00085530523,4.879145,4.88,8.398531,0.705,-2.13,3.54,95.93,529.14,5.515550687407286,3.3707502
2008-12-10,19216.173432287487,53.24224290037638,0.2638382102234545,0.054502375272578174,1.1920929e-07,6.6,6.6,8.352,2.79,0.45,5.13,78.0,633.85,5.467241344598115,4.124332
2008-12-11,19216.008781803717,51.186166104804045,0.2554553706246259,0.09093917952683128,1.1920929e-07,0.93,0.93,8.352,2.895,0.24,5.55,106.25,619.19,5.3403194950580914,4.0428634
2008-12-12,19216.00437339319,55.88962351980267,0.23338650426089325,1.1920928955078125e-07,0.24670278,21.103296,21.35,8.352,0.285,-3.63,4.2,112.41,470.87,5.635117055339188,3.7984586
2008-12-13,19237.457820131105,52.49125742040635,0.16027770448929907,1.1920928955078125e-07,24.95,1.1920929e-07,24.95,8.352,-4.16,-6.78,-1.54,90.0,382.97,5.4205369782354875,3.6253386
2008-12-14,19247.210038605124,47.11189705337729,0.09339153061913258,1.1920928955078125e-07,1.1920929e-07,1.1920929e-07,0.0,8.352,-10.02,-14.14,-5.9,160.9,221.45,5.09745252468428,3.2587311
2008-12-15,19247.022190866297,42.07890040962972,0.07273882482343955,1.1920928955078125e-07,1.1920929e-07,1.1920929e-07,0.0,8.352,-11.815,-15.69,-7.94,156.02,189.23,4.812630448749325,2.8819404
2008-12-16,19249.278787517815,37.31459221552062,0.09312082415175227,1.1920928955078125e-07,6.74,1.1920929e-07,6.74,8.352,-6.935,-12.15,-1.72,139.03,240.16,4.557691320201673,2.780105
2008-12-17,19260.421205466966,32.78873072939821,0.0856673891488932,1.1920928955078125e-07,24.46,1.1920929e-07,24.46,8.352,-6.31,-8.29,-4.33,74.68,323.33,4.328030673042204,2.7699215
2008-12-18,19277.00712396745,28.492688225679743,0.06453275304354396,1.1920928955078125e-07,13.92,1.1920929e-07,13.92,8.352,-8.245,-10.57,-5.92,89.23,284.63,4.12074721724234,2.6884532
2008-12-19,19294.83854691271,24.406377586315568,0.05538072394054453,1.1920928955078125e-07,17.17,1.1920929e-07,17.17,8.352,-8.22,-13.39,-3.05,143.2,224.59,3.932802889543525,2.4847825
2008-12-20,19314.10653183483,20.502837989023764,0.049587344010517426,1.1920928955078125e-07,21.21,1.1920929e-07,21.21,8.352,-7.36,-13.84,-0.88,153.92,213.5,3.7612758504524177,2.454232
2008-12-21,19334.917794358487,16.76422202474162,0.05511903174676521,1.1920928955078125e-07,26.82,1.1920929e-07,26.82,8.352,-3.125,-6.65,0.4,120.98,370.09,3.604013771664663,2.494966
2008-12-22,19353.372125446203,13.183226685280191,0.044975233205058196,1.1920928955078125e-07,14.91,1.1920929e-07,14.91,8.352,-2.605,-5.39,0.18,102.76,414.56,3.4595508305363443,2.3829472
2008-12-23,19365.569316060504,9.752548962450534,0.026447465641701005,1.1920928955078125e-07,1.1920929e-07,1.1920929e-07,0.0,8.352,-5.8,-7.6,-4.0,94.07,350.66,3.326586149345857,2.2709284
2008-12-24,19371.179984862112,6.463023435133683,0.02112156348632071,1.1920928955078125e-07,8.54,1.1920929e-07,8.54,8.352,-3.21,-4.8,-1.62,64.13,429.53,3.203894046577004,2.230194
2008-12-25,19383.836214770014,3.301087854764992,0.010166787099614038,1.1920928955078125e-07,15.69,1.1920929e-07,15.69,8.352,-4.04,-7.06,-1.02,114.35,364.89,3.090228117816396,2.18946
2008-12-26,19395.37006882275,0.2652573668406211,0.0008083699486372279,1.1920928955078125e-07,6.4,1.1920929e-07,6.4,8.352,-3.235,-7.29,0.82,135.92,359.46,2.7883946903001187,2.1079917
2008-12-27,19407.15423849857,6.997833129597355,0.029648447030149263,1.1920928955078125e-07,0.046844658,32.723156,32.77,8.352,0.495,-1.44,2.43,77.93,550.8,3.223528740079667,4.2058
2008-12-28,19407.73751715071,25.48984570349579,0.10328520855287104,1.1920928955078125e-07,6.2117743,6.8582253,13.07,8.352,-0.15,-2.6,2.3,97.84,512.86,3.9817839493814797,5.478742
2008-12-29,19419.48802746113,22.012232135682936,0.0775506162377701,1.1920928955078125e-07,12.04,3.5881996e-07,12.04,8.352,-2.15,-5.0,0.7,110.48,433.82,3.82669530369941,4.124332
2008-12-30,19434.31683994431,18.198520209097605,0.06217691972355186,1.1920928955078125e-07,16.42,1.1920929e-07,16.42,8.358422,-2.595,-5.93,0.74,124.17,401.02,3.663553677189614,3.4013007
2008-12-31,19452.01601745208,14.554607088287284,0.05050578451505108,1.1920928955078125e-07,14.23,1.1920929e-07,14.23,8.355211,-2.37,-5.46,0.72,117.32,417.42,3.514177334747234,3.2689147
2009-01-01,19476.055726093866,11.065912992491448,0.04352614809150611,1.1920928955078125e-07,42.23881,0.14118823,42.38,8.440945,-0.73,-3.45,1.99,90.9,479.57,3.3768742644563017,4.5724072
2009-01-02,19500.40070017419,7.7217476334368325,0.022140908450961005,1.1920928955078125e-07,18.23,1.1920929e-07,18.23,8.448,-5.19,-8.95,-1.43,120.94,325.38,3.250297928718663,4.6029577
2009-01-03,19517.921806986247,4.511493550495807,0.012982954846757464,1.1920928955078125e-07,4.25,1.1920929e-07,4.25,8.448,-5.14,-8.1,-2.18,114.03,340.05,3.1332556998694683,3.5947878
2009-01-04,19530.50536283993,1.4242655020665755,0.004572369306322604,1.1920928955078125e-07,19.27,1.1920929e-07,19.27,8.448,-3.62,-7.82,0.58,133.69,341.31,3.02467420709242,3.2281806
2009-01-05,19556.52058264603,-0.2557939453825919,1.1920928955078125e-07,1.1920928955078125e-07,32.832706,0.057292596,32.89,8.448,-0.795,-2.15,0.56,58.15,523.09,0.21332493104223743,4.002129
2009-01-06,19567.577870185094,28.801249577098638,0.1306274626817728,1.1920928955078125e-07,4.5119523e-05,54.069954,54.07,8.494531,1.24,-1.0,3.48,85.73,571.06,4.135298541135907,9.124448
2009-01-07,19567.550968079773,92.90822633550577,0.4843591302401499,0.1931516022957389,1.1920929e-07,84.05,84.05,8.544,3.205,2.11,4.3,49.12,711.84,8.601353272622973,53.8709
2009-01-08,19579.420489488322,140.07499445538355,0.5332158803939819,1.1920928955078125e-07,56.00819,0.021807903,56.03,8.544,-0.945,-4.55,2.66,125.68,452.63,18.18827733192476,39.20661
2009-01-09,19611.904065455354,125.67217938835398,0.4379719087810273,1.1920928955078125e-07,12.02,1.1920929e-07,12.02,8.544,-2.625,-6.17,0.92,126.19,396.4,12.506092552191639,15.682644
2009-01-10,19630.741777661326,113.5795720426606,0.43487735471010536,1.1920928955078125e-07,28.029686,0.00031325966,28.03,8.550425,-1.3,-4.39,1.79,114.75,443.41,10.892447084479496,10.692712
2009-01-11,19639.19382631984,120.36817747694168,0.6095763227717516,0.002787334138650621,1.1920929e-07,23.68,23.68,8.64,2.61,0.27,4.95,92.42,621.29,11.770811353801,12.016571
2009-01-12,19639.138189178204,123.85551823788379,0.6372857657204671,0.07360990380861798,1.1920929e-07,8.87,8.87,8.64,2.845,-0.11,5.8,123.59,608.5,12.249220940986866,11.812901
2009-01-13,19638.82292965744,115.32873311704375,0.6715342811980638,0.6638461947441101,1.1920929e-07,1.1920929e-07,0.0,8.64,4.69,0.1,9.28,190.76,617.92,11.112294295243359,9.735459
2009-01-14,19637.55152069217,105.35633098501711,0.8024917798104085,1.914724588394165,1.1920929e-07,1.1920929e-07,0.0,8.728945,8.64,3.18,14.1,201.22,770.24,9.915776441959546,8.014442
2009-01-15,19634.801180004826,97.71139843496611,0.988058945337037,3.3318583965301514,1.1920929e-07,1.1920929e-07,0.0,8.736,13.115,9.32,16.91,167.09,1185.69,9.086512127152698,7.40343
2009-01-16,19631.696312215467,91.1493552109253,0.8044915560308463,2.6430838108062744,1.1920929e-07,1.1920929e-07,0.0,8.736,10.94,6.45,15.43,186.15,956.63,8.430247674587266,7.505265
2009-01-17,19629.58875014253,84.43868379534946,0.612137956596864,1.6186304092407227,1.1920929e-07,1.1920929e-07,0.0,8.824942,7.705,6.64,8.77,63.11,971.47,7.808112367676994,7.556183
2009-01-18,19627.613096581896,78.2471766398231,0.6329513094720878,2.1538164615631104,1.1920929e-07,1.1920929e-07,0.0,8.831997,9.395,6.77,12.02,132.51,982.82,7.274908801198508,7.7394867
2009-01-19,19625.373080751386,72.81601306070412,0.6075253530727917,2.3074052333831787,1.1920929e-07,1.1920929e-07,0.0,8.831997,9.88,5.63,14.13,182.02,917.28,6.837249299581577,7.8515058
2009-01-20,19623.53997636821,67.47700122873536,0.48439743592482704,1.5141267776489258,1.1920929e-07,1.1920929e-07,0.0,8.928,7.375,3.39,11.36,181.71,786.21,6.432687865319344,7.4339805
2009-01-21,19622.226417164264,62.104533947755776,0.40803074845031906,1.0850279331207275,1.1920929e-07,1.1920929e-07,0.0,8.928,6.02,2.29,9.75,177.08,724.03,6.049751780400398,6.660032
2009-01-22,19621.30417919059,56.789808036673925,0.3212318843840885,0.3709160199219177,1.1920929e-07,1.1920929e-07,0.0,8.928,3.765,0.25,7.28,174.41,620.8,5.693366100784257,5.916634
2009-01-23,19620.7726499854,51.5016177299254,0.30548390989562607,0.5450918945615335,1.1920929e-07,1.1920929e-07,0.0,9.024003,4.315,1.03,7.6,168.3,652.94,5.35959927701356,5.2954383
2009-01-24,19620.830686289442,46.199446172309806,0.19747517423726815,1.1920928955078125e-07,1.1920929e-07,1.1920929e-07,0.0,9.024003,-0.495,-3.7,2.71,171.27,467.07,5.044593338719314,4.826996
2009-01-25,19626.3343148672,41.12353505160075,0.1221699560035521,1.1920928955078125e-07,9.88,1.1920929e-07,9.88,9.112942,-5.745,-8.51,-2.98,123.2,343.91,4.760390406244821,4.460388
2009-01-26,19637.330343557718,36.36154220446633,0.10085050557551344,1.1920928955078125e-07,13.11,1.1920929e-07,13.11,9.119997,-6.695,-11.62,-1.77,181.52,257.2,4.5083378323654495,4.012313
2009-01-27,19650.950061987365,31.864403489190234,0.10673746757894444,1.1920928955078125e-07,13.53,1.1920929e-07,13.53,9.126422,-4.105,-7.0,-1.21,132.78,353.86,4.282569100093567,3.9919457
2009-01-28,19664.305244914114,27.583530434752674,0.10625206984306702,1.1920928955078125e-07,12.39,1.1920929e-07,12.39,9.216,-2.28,-4.16,-0.4,92.32,452.98,4.078169617020732,3.8595598
2009-01-29,19672.106423075504,23.47392294575353,0.10179684100033404,1.1920928955078125e-07,2.9401462,0.03985381,2.98,9.216,-0.59,-4.15,2.97,182.56,458.36,3.891131484394335,3.5642374
2009-01-30,19672.567363130354,20.192336559472782,0.11002642266723382,1.1920928955078125e-07,1.1920929e-07,1.1920929e-07,0.0,9.312,2.585,-4.23,9.4,271.83,445.12,3.747957571985072,3.5133197
2009-01-31,19672.567490894453,16.43931053572652,0.05960199633017418,1.1920928955078125e-07,1.1920929e-07,1.1920929e-07,0.0,9.312,-3.28,-6.22,-0.34,188.1,394.84,3.590661194804978,3.442035
2009-02-01,19672.56746236904,12.86828001272677,0.05117614348588323,1.1920928955078125e-07,1.1920929e-07,1.1920929e-07,0.0,9.408,-2.12,-7.11,2.87,260.82,365.17,3.447125869909456,3.2383642
2009-02-02,19672.48037834154,9.519690131546461,0.059381772164903465,0.5862601399421692,1.1920929e-07,1.1920929e-07,0.0,9.408,4.445,0.63,8.26,224.73,637.84,3.317748570583829,3.1467123
2009-02-03,19670.92254130615,7.7342026278678055,0.06895378531807857,2.272570848464966,1.1920929e-07,1.1920929e-07,0.0,9.504003,9.77,3.87,15.67,266.6,805.35,3.2507604342594623,3.085611
2009-02-04,19669.007254683256,6.361747309110443,0.04750471782755213,1.4017058610916138,1.1920929e-07,1.1920929e-07,0.0,9.504003,7.02,2.33,11.71,245.85,727.66,3.2001893439903255,3.1670794
2009-02-05,19667.835260022657,4.329578065115429,0.02953448839617586,0.9203553795814514,1.1920929e-07,1.1920929e-07,0.0,9.592944,5.5,0.21,10.79,261.51,616.69,3.126750904443236,3.2689147
2009-02-06,19667.548256450355,1.641685025314262,0.008050112200635477,1.1920928955078125e-07,0.00013684809,0.25986314,0.26,9.6,0.595,-2.28,3.47,180.64,524.12,3.0321980055014506,3.2689147
2009-02-07,19667.54831761183,-0.22116567903427012,1.1920928955078125e-07,1.1920928955078125e-07,1.1920929e-07,1.1920929e-07,0.0,9.688945,1.83,-3.25,6.91,263.1,485.31,0.2930017085057463,3.1263454
2009-02-08,19667.548388974417,-0.34173463973217666,1.1920928955078125e-07,1.1920928955078125e-07,2.884865e-07,0.21999972,0.22,9.696003,1.195,-3.86,6.25,263.78,461.48,0.09413831566571436,3.0346935
2009-02-09,19670.735359477123,-0.30461140435660067,1.1920928955078125e-07,1.1920928955078125e-07,7.48,1.1920929e-07,7.48,9.784947,-3.585,-7.25,0.08,171.25,367.07,0.13459184209904773,2.9634087
2009-02-10,19680.355913555497,-0.3911703574275028,1.1920928955078125e-07,1.1920928955078125e-07,10.31,1.1920929e-07,10.31,9.792003,-4.815,-8.62,-1.01,179.37,325.03,0.05810822716291514,2.85139
2009-02-11,19687.798139844304,-0.437351351959158,1.1920928955078125e-07,1.1920928955078125e-07,4.5699997,2.7239324e-07,4.57,9.887998,-1.835,-5.95,2.28,200.85,396.13,0.036864556733583104,2.780105
2009-02-12,19689.616935097638,-0.46894014696180597,1.1920928955078125e-07,1.1920928955078125e-07,1.1920929e-07,1.1920929e-07,0.0,9.887998,-2.01,-6.45,2.43,259.72,380.22,0.026960682847936478,2.6986368
2009-02-13,19689.373515940268,-0.49301016688718047,1.1920928955078125e-07,1.1920928955078125e-07,1.1920929e-07,1.1920929e-07,0.0,9.984,-3.14,-5.36,-0.92,161.37,414.98,0.021228717105403683,2.6477191
2009-02-14,19689.401755039868,-0.512373325508726,1.1920928955078125e-07,1.1920928955078125e-07,1.1920929e-07,1.1920929e-07,0.0,9.984,-2.39,-4.94,0.16,181.67,428.27,0.017509887841801786,2.606985
2009-02-15,19690.167194573198,-0.5285710462195515,1.1920928955078125e-07,1.1920928955078125e-07,5.29,1.1920929e-07,5.29,10.08,-2.35,-5.13,0.43,159.27,421.89,0.014901903165012057,2.545884
2009-02-16,19690.475759577268,-0.5426120878036107,1.1920928955078125e-07,1.1920928955078125e-07,1.1920929e-07,1.1920929e-07,0.0,10.08,-0.09,-3.17,2.99,211.19,483.84,0.012956249922487013,2.5153332
2009-02-17,19690.482402233603,-0.5548799344468267,1.1920928955078125e-07,1.1920928955078125e-07,1.1920929e-07,1.1920929e-07,0.0,10.176,0.12,-2.62,2.86,192.59,507.17,0.011464617838133013,2.494966
2009-02-18,19690.435806310605,-0.5657388496023094,1.1920928955078125e-07,1.1920928955078125e-07,1.1920929e-07,1.1920929e-07,0.0,10.176,0.825,-2.36,4.01,220.65,517.42,0.010287724719467936,2.454232
2009-02-19,19690.38974813571,-0.5300021164800414,1.1920928955078125e-07,0.2536641468275924,1.1920929e-07,1.1920929e-07,0.0,10.272,3.395,-0.67,7.46,262.47,582.88,0.01469097659409279,2.413498
2009-02-20,19690.01644687297,-0.2399126908105942,1.1920928955078125e-07,0.48333955208309476,1.1920929e-07,1.1920929e-07,0.0,10.278422,4.12,0.02,8.22,262.87,607.03,0.24703054392836646,2.3829472
2009-02-21,19689.22588012986,-0.07176972506800623,1.1920928955078125e-07,0.9852743744850159,1.1920929e-07,1.1920929e-07,0.0,10.367997,5.705,1.69,9.72,257.56,693.05,0.9749856763878735,2.3727636
2009-02-22,19688.431571701807,-0.12388060828709799,1.1920928955078125e-07,0.5910102725028992,1.1920929e-07,1.1920929e-07,0.0,10.464,4.46,1.1,7.82,226.51,665.62,0.6675633755705315,2.5357003
2009-02-23,19688.042073120734,4.360412829920092,0.027737557935619033,0.17548854712021011,1.1920929e-07,15.29,15.29,10.464,3.15,-0.28,6.58,183.59,602.84,3.127852519217885,2.780105
2009-02-24,19688.257978983544,23.5579687087118,0.12153239319864485,1.1920928955078125e-07,7.6452627,22.944736,30.59,10.560002,-0.05,-1.33,1.23,81.73,563.75,3.894869314629303,3.2383642
2009-02-25,19717.608342471627,20.82630625428528,0.08250524120618884,1.1920928955078125e-07,26.62,1.1920929e-07,26.62,10.560002,-3.8,-7.0,-0.6,194.53,384.32,3.7752006474479947,3.5336866
2009-02-26,19736.695403062633,17.055804764462483,0.06313196521619127,1.1920928955078125e-07,11.9,1.1920929e-07,11.9,10.655997,-4.87,-10.03,0.29,262.78,298.97,3.616038938680727,3.044877
2009-02-27,19745.64787223136,13.45431478464566,0.05550260191482221,1.1920928955078125e-07,5.87,1.1920929e-07,5.87,10.655997,-3.36,-10.27,3.55,289.21,287.18,3.4702813850025045,2.7495544
2009-02-28,19748.111689011777,10.100193949769965,0.05514624157384961,1.1920928955078125e-07,1.1920929e-07,1.1920929e-07,0.0,10.752,0.51,-5.86,6.88,383.07,397.66,3.339823978368604,2.6884532
2009-03-01,19747.8044386236,11.538266062981062,0.08789568336743556,0.8601865172386169,1.1920929e-07,10.57,10.57,10.848,5.31,2.5,8.12,170.87,729.6,3.3951457247462704,3.330016
2009-03-02,19747.209581824132,20.437100639117702,0.13504846860386166,0.1851360220971987,1.1920929e-07,12.7,12.7,10.848,3.18,-0.08,6.44,201.27,617.06,3.7584522473700708,5.091768
2009-03-03,19747.152029249395,28.388504079676107,0.1753735175624372,1.1920928955078125e-07,1.1920929e-07,11.36,11.36,10.9439945,2.055,-2.49,6.6,254.88,517.68,4.115845609872619,4.5113063
2009-03-04,19749.828935601523,32.942821804333136,0.1664838464746746,1.1920928955078125e-07,12.288805,0.011194638,12.3,10.9439945,-0.86,-3.23,1.51,153.57,491.93,4.335656192925006,3.8391926
2009-03-05,19763.97375410305,28.575988414982454,0.11311895155090501,1.1920928955078125e-07,17.22,1.1920929e-07,17.22,11.04,-4.43,-7.63,-1.23,217.43,366.99,4.124670485052805,3.6966233
2009-03-06,19777.041925242782,24.44364226513134,0.09594948814168565,1.1920928955078125e-07,8.58,1.1920929e-07,8.58,11.046422,-4.555,-9.96,0.85,306.64,295.92,3.934477490527531,3.2383642
2009-03-07,19788.37368043089,20.50782530758873,0.08077355452470773,1.1920928955078125e-07,14.5,1.1920929e-07,14.5,11.136003,-4.62,-7.81,-1.43,224.76,347.19,3.761490156289944,3.085611
2009-03-08,19803.25429449888,16.75277480793441,0.0654094573135979,1.1920928955078125e-07,15.21,1.1920929e-07,15.21,11.2319975,-4.86,-8.64,-1.08,257.85,331.06,3.603542493533964,2.9226747
2009-03-09,19818.183435831008,13.166427535258158,0.04605933121938823,1.1920928955078125e-07,14.57,1.1920929e-07,14.57,11.2319975,-6.37,-9.64,-3.1,240.24,309.15,3.4588869580266626,2.8412063
2009-03-10,19828.06963150038,9.735313974637933,0.0335508712761572,1.1920928955078125e-07,5.04,1.1920929e-07,5.04,11.328,-6.69,-10.66,-2.72,298.69,280.24,3.3259312322380667,2.6986368
2009-03-11,19829.98834159822,6.442719423783727,0.02502371861138086,1.1920928955078125e-07,1.1920929e-07,1.1920929e-07,0.0,11.328,-5.05,-10.32,0.22,427.6,286.78,3.2031509778915317,2.627352
2009-03-12,19829.985535291653,3.2753862977428234,0.01758869033085882,1.1920928955078125e-07,1.1920929e-07,1.1920929e-07,0.0,11.424,-0.605,-6.13,4.92,429.87,389.56,3.0893209125735055,2.5764344
2009-03-13,19829.969813900345,0.2527776810309629,0.0016393672063290503,0.17548854712021011,1.1920929e-07,1.1920929e-07,0.0,11.520002,3.15,-1.78,8.08,391.47,537.2,2.7638135775897203,2.5968015
2009-03-14,19833.64859594553,1.210996815536357,0.006326190841383108,1.1920928955078125e-07,16.888857,0.0011426299,16.89,11.520002,-1.12,-4.16,1.92,215.46,454.37,3.017299257550051,2.6477191
2009-03-15,19857.408806436455,-0.2717932213324612,1.1920928955078125e-07,1.1920928955078125e-07,29.02,8.648634e-07,29.02,11.615997,-2.05,-5.37,1.27,252.1,421.12,0.18370432390131985,2.892124
2009-03-16,19880.388655903604,-0.3782541706274263,1.1920928955078125e-07,1.1920928955078125e-07,15.28,1.1920929e-07,15.28,11.615997,-3.155,-5.14,-1.17,158.91,427.21,0.06595126537603693,2.7699215
2009-03-17,19895.751411506764,-0.4293849302950328,1.1920928955078125e-07,1.1920928955078125e-07,15.09,1.1920929e-07,15.09,11.711994,-2.25,-4.34,-0.16,169.36,453.48,0.03988394796213667,2.6579027
2009-03-18,19906.02835391339,-0.44392281302309466,1.1920928955078125e-07,1.1920928955078125e-07,6.222016,0.3779837,6.6,11.808002,-0.44,-4.1,3.22,287.51,462.71,0.03454466196023098,2.6171684
2009-03-19,19906.795930607095,4.125880548229029,0.027688005360042314,1.1920928955078125e-07,1.1920929e-07,9.12,9.12,11.808002,2.155,0.39,3.92,154.06,628.0,3.119483268920003,2.739371
2009-03-20,19906.796223332833,11.077601853974004,0.07079483590720166,1.1920928955078125e-07,4.0304662e-06,11.269997,11.27,11.903997,1.32,-2.31,4.95,277.56,527.28,3.377325221768123,3.2994654
2009-03-21,19906.796825579673,16.865812014450228,0.10230426703358045,1.1920928955078125e-07,0.0052497005,7.0247507,7.03,11.903997,0.56,-4.12,5.24,322.52,457.39,3.608198899520159,3.5438702
2009-03-22,19911.05604981747,16.131620472862085,0.08610884167940404,1.1920928955078125e-07,8.209965,3.5478173e-05,8.21,12.000006,-1.395,-4.85,2.06,272.5,436.74,3.578061959981611,3.1568959
2009-03-23,19921.642848488656,12.553713239880421,0.06044057640428217,1.1920928955078125e-07,14.4,1.1920929e-07,14.4,12.096,-2.97,-5.87,-0.07,246.03,411.36,3.43476044024918,2.9226747
2009-03-24,19946.453434797186,9.120416659864233,0.05055423506617885,1.1920928955078125e-07,28.631317,0.00868134,28.64,12.096,-0.97,-2.81,0.87,162.99,506.01,3.302649745268718,3.065244
2009-03-25,19979.309995853364,5.8254447982175686,0.03071817061674639,1.1920928955078125e-07,39.979996,3.5744906e-06,39.98,12.192,-1.795,-5.84,2.25,313.99,412.33,3.1806425689760194,3.5133197
2009-03-26,20002.121214666913,2.6877863969823803,0.014818490844293658,1.1920928955078125e-07,1.1920929e-07,1.1920929e-07,0.0,12.192,-1.16,-5.83,3.51,452.81,403.26,3.0686524948541174,3.1670794
2009-03-27,20004.475526039245,1.9679335894923877,0.012788151677970202,1.1920928955078125e-07,2.6806592e-05,7.9599733,7.96,12.288,1.1,-2.8,5.0,309.3,502.67,3.0435205334949726,3.0754275
2009-03-28,20019.440269938706,4.497889363948316,0.023281701206761027,1.1920928955078125e-07,29.9,1.1920929e-07,29.9,12.383997,-2.28,-5.19,0.63,251.4,430.5,3.1327687839169798,3.2790983
2009-03-29,20044.648027204676,1.404859211610097,0.007385510919690222,1.1920928955078125e-07,19.89,5.927682e-07,19.89,12.383997,-2.06,-5.61,1.49,302.22,415.31,3.0240032945511417,3.2281806
2009-03-30,20060.481719339943,-0.2595920491422258,1.1920928955078125e-07,1.1920928955078125e-07,12.47,1.1920929e-07,12.47,12.48,-2.39,-5.6,0.82,285.74,414.17,0.20591739792650543,2.9328582
2009-03-31,20082.16496215726,-0.3739526713112493,1.1920928955078125e-07,1.1920928955078125e-07,31.63,1.1920929e-07,31.63,12.48,-3.08,-5.56,-0.6,238.03,422.98,0.06878614591710949,3.442035
2009-04-01,20112.69303679104,-0.4267408050608281,1.1920928955078125e-07,1.1920928955078125e-07,29.19,1.1920929e-07,29.19,12.575997,-2.25,-6.41,1.91,338.8,393.39,0.040939058750193935,3.177263
2009-04-02,20144.59669160956,-0.4613516926365804,1.1920928955078125e-07,1.1920928955078125e-07,31.79,9.4741586e-07,31.79,12.672003,-1.985,-4.85,0.88,272.0,438.69,0.02906785756802188,4.8575463
2009-04-03,20165.791596443218,-0.48700253605332006,1.1920928955078125e-07,1.1920928955078125e-07,8.209999,7.3403123e-07,8.21,12.672003,-1.82,-6.26,2.62,353.15,402.61,0.02253468530611588,4.114148
2009-04-04,20169.387501489153,-0.5074743393894791,1.1920928955078125e-07,1.1920928955078125e-07,1.1920929e-07,1.1920929e-07,0.0,12.768,-1.235,-7.13,4.66,538.29,366.1,0.018384619998168532,3.4929526
2009-04-05,20168.91350355745,-0.36501096782234926,1.1920928955078125e-07,0.8459360003471375,1.1920929e-07,1.1920929e-07,0.0,12.768,5.265,-0.83,11.36,520.18,577.48,0.07506486216556789,3.4013007
2009-04-06,20167.289815430802,0.09070996292025801,0.0007845535288283054,2.302654981613159,1.1920929e-07,1.1920929e-07,0.0,12.863997,9.865,3.96,15.77,519.25,808.11,2.1222196850181434,3.655889
2009-04-07,20164.81015839667,0.15509964168852175,0.0015718891529751193,2.3264057636260986,1.1920929e-07,1.1920929e-07,0.0,12.953581,9.94,3.87,16.01,520.74,805.88,2.459610418000287,4.3891034
2009-04-08,20163.51354532038,-0.14425511395248733,1.1920928955078125e-07,0.32498932180436313,1.1920929e-07,1.1920929e-07,0.0,12.960006,3.62,0.0,7.24,397.65,623.36,0.5679008336376761,5.173236
2009-04-09,20163.25237023134,-0.23707161709041222,1.1920928955078125e-07,0.1899476810909846,1.1920929e-07,1.1920929e-07,0.0,13.056003,3.195,-1.22,7.61,466.92,570.35,0.25354954570041377,4.888097
2009-04-10,20163.22605689446,0.23319969193824613,0.0014691099332010302,1.1920928955078125e-07,9.959341e-06,3.40999,3.41,13.056003,1.115,-1.56,3.79,276.97,555.71,2.7197104660595466,4.714977
2009-04-11,20163.226083415153,-0.2667574901935239,1.1920928955078125e-07,1.1920928955078125e-07,1.1920929e-07,1.1920929e-07,0.0,13.152002,0.685,-1.47,2.84,275.03,560.6,0.19258725501212573,4.4400215
2009-04-12,20163.226186248252,4.303953512394683,0.029567166967933548,1.1920928955078125e-07,0.0002943784,14.419706,14.42,13.152002,0.92,-1.92,3.76,275.37,545.67,3.1258357269182033,5.3056216
2009-04-13,20171.18278788775,12.88766715170629,0.07939416764325326,1.1920928955078125e-07,22.035435,0.054565955,22.09,13.248003,-0.76,-4.74,3.22,348.96,445.41,3.447889421337208,7.5256324
2009-04-14,20187.636708443646,9.445712548927158,0.05221905693771238,1.1920928955078125e-07,10.6,1.1920929e-07,10.6,13.343994,-2.405,-5.3,0.49,279.97,424.73,3.3149458523617183,5.8555326
2009-04-15,20192.409977058556,6.149454677522569,0.037945806110974666,1.1920928955078125e-07,1.1920929e-07,1.1920929e-07,0.0,13.343994,-0.84,-5.15,3.47,491.81,427.05,3.1924375289480893,4.908464
2009-04-16,20192.30400347699,5.4491349956766815,0.04595122649361135,0.32498932180436313,1.1920929e-07,6.62,6.62,13.440002,3.62,-3.48,10.72,441.31,479.92,3.166998416744022,4.358553
2009-04-17,20192.162267028987,11.402164280126344,0.08513001244381685,1.1920928955078125e-07,3.296137e-07,11.06,11.06,13.440002,1.82,-1.82,5.46,314.55,549.39,3.3898709492007097,4.816812
2009-04-18,20192.101907064665,13.560409537140668,0.11629396447769148,0.3709160199219177,1.1920929e-07,1.1920929e-07,0.0,13.536,3.765,-2.65,10.18,562.9,510.09,3.4744900188519607,5.193603
2009-04-19,20190.90990394459,11.206473018323221,0.1354190412589822,2.0271451473236084,1.1920929e-07,1.1920929e-07,0.0,13.536,8.995,3.19,14.8,533.05,772.05,3.3823010765699366,5.1426854
2009-04-20,20188.33075628305,10.279836014105815,0.15185023347719667,2.9961800575256348,1.1920929e-07,1.1920929e-07,0.0,13.631997,12.055,5.46,18.65,548.08,910.06,3.346685124400175,6.4665446
2009-04-21,20185.399857715118,9.726313752241623,0.13159522403907076,2.521162986755371,1.1920929e-07,1.1920929e-07,0.0,13.721575,10.555,4.5,16.61,510.4,839.83,3.325589281525136,8.340315
2009-04-22,20184.120465623197,7.6162003567597605,0.061575183533356476,0.019215120932269514,1.1920929e-07,1.1920929e-07,0.0,13.728,2.68,-4.21,9.57,571.03,467.87,3.246381161759773,8.706923
2009-04-23,20184.73940409349,4.860072271219216,0.03159224697252364,1.1920928955078125e-07,2.1733437,0.026656283,2.2,13.824003,-0.6,-4.89,3.69,406.46,438.7,3.1457577446121827,7.047006
2009-04-24,20185.457644770857,2.120707235613553,0.01517694382765532,1.1920928955078125e-07,1.1920929e-07,1.1920929e-07,0.0,13.824003,0.79,-4.75,6.33,525.71,434.11,3.0488370064335144,5.8453493
2009-04-25,20185.457644796217,-0.19548130338240086,1.1920928955078125e-07,1.1920928955078125e-07,1.1920929e-07,1.1920929e-07,0.0,13.919997,-0.195,-4.38,3.99,440.83,452.0,0.3682711141043851,5.1121345
2009-04-26,20185.45764482179,-0.3566153973597894,1.1920928955078125e-07,1.1920928955078125e-07,1.1920929e-07,1.1920929e-07,0.0,13.919997,1.225,-3.45,5.9,484.53,488.66,0.08146620098745379,4.5724072
2009-04-27,20185.447845228748,0.36916096621208827,0.0030196501942892596,0.09609393886041318,1.1920929e-07,4.27,4.27,14.016,2.91,-1.29,7.11,325.73,561.37,2.9157421412766142,4.2058
2009-04-28,20185.419554978293,3.585081754941161,0.027096802161439677,1.1920928955078125e-07,1.4287233e-06,7.9899983,7.99,14.016,1.385,-1.15,3.92,215.56,572.95,3.1002701955490704,4.114148
2009-04-29,20185.41958747879,4.646470262970695,0.03412091773651155,1.1920928955078125e-07,3.5375356e-07,0.009999646,0.01,14.111995,0.865,-1.56,3.29,280.56,556.75,3.138090838133854,4.03268
2009-04-30,20185.413444290545,1.5501106148478028,0.013115628305918956,0.10802254821412038,1.1920929e-07,1.1920929e-07,0.0,14.111995,2.945,-1.36,7.25,443.34,557.89,3.0290271971431024,3.747541
2009-05-01,20184.56355650965,-0.01182431713304699,1.1920928955078125e-07,1.4270401000976562,1.1920929e-07,1.1920929e-07,0.0,14.208003,7.1,2.7,11.5,426.53,737.81,1.3998746190580098,3.655889
2009-05-02,20183.444897521174,1.1758207513771275,0.011473856535531471,0.7540993690490723,1.1920929e-07,5.33,5.33,14.208003,4.975,-0.04,9.99,365.75,630.65,3.0160799934829434,4.3483696
2009-05-03,20182.92477273463,1.6368399255995705,0.014720016242786897,0.3344924346523257,1.1920929e-07,1.14,1.14,14.304003,3.65,-1.55,8.85,469.35,563.24,3.0320301651105757,5.4176407
2009-05-04,20182.62701343641,5.651831261372051,0.05008899704306958,0.26318390563320726,1.1920929e-07,12.69,12.69,14.311055,3.425,0.23,6.62,258.91,628.89,3.1743404416371623,5.234337
2009-05-05,20182.444574364607,18.312194127129246,0.15757044403173479,0.09093917952683128,1.1920929e-07,18.62,18.62,14.4,2.895,-0.26,6.05,268.46,610.97,3.6683143106310294,8.23848
2009-05-06,20182.428054993543,33.890832086622254,0.2779674496577421,1.1920928955078125e-07,1.1920929e-07,20.73,20.73,14.407056,2.18,-0.56,4.92,252.92,602.8,4.382866961020804,8.055177
2009-05-07,20182.42842132092,49.892868588631934,0.3880184384221349,1.1920928955078125e-07,8.690953e-06,20.82999,20.83,14.496,1.31,-1.8,4.42,283.55,546.52,5.261998050512798,9.1448145
2009-05-08,20182.428738397204,57.510978454075165,0.4323299937024652,1.1920928955078125e-07,0.00032602638,5.5896745,5.59,14.496,0.815,-4.37,6.0,441.67,461.72,5.7404656316848754,7.6783853
2009-05-09,20182.226800904675,53.98189809427086,0.5435230900780232,0.7762669324874878,1.1920929e-07,1.1920929e-07,0.0,14.592003,5.045,-0.43,10.52,533.22,593.31,5.513634407171621,6.507279
2009-05-10,20180.853005890964,48.321183848585676,0.5807303097414573,1.6312975883483887,1.1920929e-07,1.1920929e-07,0.0,14.592003,7.745,2.71,12.78,475.49,740.12,5.168362145205363,6.1915894
2009-05-11,20179.754447013114,49.12452937475958,0.4722210313218024,0.5245078176846647,1.1920929e-07,10.79,10.79,14.688,4.25,-1.19,9.69,398.98,582.68,5.216012817313224,7.0877404
2009-05-12,20179.617816504517,59.54932438122502,0.44553673398093324,1.1920928955078125e-07,0.01676809,21.343233,21.36,14.688,0.555,-2.99,4.1,298.7,503.8,5.87570734835608,8.034809
2009-05-13,20191.279077843956,61.34468011913558,0.44459344859264266,1.1920928955078125e-07,2.7504613,13.609539,16.36,14.784,0.0,-4.55,4.55,367.66,449.62,5.997463622430908,6.965538
2009-05-14,20191.450218276732,69.28612890299338,0.5899128686271798,1.1920928955078125e-07,1.1920929e-07,13.29,13.29,14.784,2.35,0.14,4.56,194.27,622.97,6.5670189914838675,8.4116
2009-05-15,20191.113712086746,68.62910883228342,0.7048013573886904,0.7794336080551147,1.1920929e-07,1.1920929e-07,0.0,14.873578,5.055,-1.54,11.65,574.85,560.57,6.517912670912739,7.7293034
2009-05-16,20189.36104756252,63.22544277309008,0.9870781402635107,2.8330907821655273,1.1920929e-07,1.1920929e-07,0.0,14.88,11.54,4.9,18.18,558.87,870.34,6.1277187725740045,7.607101
2009-05-17,20185.97378605686,59.53641417037036,1.0848864779661263,3.618452310562134,1.1920929e-07,1.1920929e-07,0.0,14.887058,14.02,7.6,20.44,536.63,1048.33,5.874840823948811,9.633624
2009-05-18,20182.88788562735,57.765542103295424,0.8172279311806723,2.3074052333831787,1.1920929e-07,4.96,4.96,14.975997,9.88,1.83,17.93,449.13,715.16,5.757184023189447,12.525748
2009-05-19,20181.832701792657,63.26288319095867,0.5510162717329496,1.1920928955078125e-07,1.1920929e-07,15.94,15.94,14.975997,2.495,-1.01,6.0,287.62,587.29,6.1303402838373495,13.442266
2009-05-20,20181.801063752893,68.00433143630795,0.6306873020755949,0.23301622771765285,1.1920929e-07,6.43,6.43,15.071998,3.33,-0.86,7.52,346.69,587.79,6.471556856182677,10.11225
2009-05-21,20181.1064693341,65.9823944410096,0.7468887323508351,1.183198094367981,1.1920929e-07,2.53,2.53,15.071998,6.33,1.02,11.64,449.51,656.27,6.323785735831279,8.197745
2009-05-22,20179.292066396745,61.81338952066825,0.8871274509281144,2.346989870071411,1.1920929e-07,1.1920929e-07,0.0,15.071998,10.005,5.06,14.95,467.74,882.6,6.029663473695753,7.9126067
2009-05-23,20176.868479022523,57.470200143402124,0.832691917870181,2.362823963165283,1.1920929e-07,1.1920929e-07,0.0,15.168,10.055,4.33,15.78,519.35,829.82,5.737792043394511,8.910593
2009-05-24,20174.61024058661,53.33972756134817,0.7299480265371027,2.079396963119507,1.1920929e-07,1.1920929e-07,0.0,15.168,9.16,4.26,14.06,470.27,827.66,5.4733334262762225,9.633624
2009-05-25,20172.467119844285,49.42207133052721,0.6809956153924558,2.111064910888672,1.1920929e-07,1.1920929e-07,0.0,15.175058,9.26,3.34,15.18,543.45,780.18,5.233772880941656,9.5216055
2009-05-26,20170.483116832238,45.64462351696294,0.6063990151176609,1.902057409286499,1.1920929e-07,1.1920929e-07,0.0,15.263997,8.6,3.71,13.49,475.94,803.58,5.012720256529303,9.297567
2009-05-27,20168.613717833214,42.026081209636565,0.5741448712286275,2.0398120880126953,1.1920929e-07,1.1920929e-07,0.0,15.263997,9.035,3.18,14.89,548.78,779.27,4.80972734440683,8.951327
2009-05-28,20165.968134715575,39.31433589573371,0.6867948328975809,3.2716898918151855,1.1920929e-07,1.1920929e-07,0.0,15.271052,12.925,6.65,19.2,537.18,974.17,4.663010817221171,9.725276
2009-05-29,20162.10252602131,37.802500490250615,0.8201359426056851,4.362645626068115,1.1920929e-07,1.1920929e-07,0.0,15.359997,16.37,10.56,22.18,485.72,1285.1,4.583166270198831,13.340431
2009-05-30,20157.685207845687,36.843582628627935,0.7993319483163082,4.362645626068115,1.1920929e-07,1.1920929e-07,0.0,15.359997,16.37,10.31,22.43,489.91,1264.55,4.533233030720293,14.358785
2009-05-31,20153.389894130945,35.85236316340153,0.7597067614763208,4.23914098739624,1.1920929e-07,1.1920929e-07,0.0,15.359997,15.98,10.48,21.48,460.78,1278.55,4.4821895119186586,13.442266
2009-06-01,20149.173443642394,34.86357990712452,0.7403681379110801,4.22014045715332,1.1920929e-07,1.1920929e-07,0.0,15.449575,15.92,10.38,21.46,458.91,1270.42,4.4318440777965975,13.645937
2009-06-02,20144.94086580465,33.95428131262785,0.7257386270999493,4.251808166503906,1.1920929e-07,1.1920929e-07,0.0,15.456,16.02,12.4,19.64,334.58,1432.11,4.3860450156505175,14.256949
2009-06-03,20140.552526068695,33.23903244716711,0.7482689112757724,4.524150848388672,1.1920929e-07,1.1920929e-07,0.0,15.456,16.88,12.97,20.79,352.29,1488.21,4.35035255505232,13.0349245
2009-06-04,20136.057004300717,32.66077307008315,0.7014779496191038,4.277142524719238,1.1920929e-07,1.1920929e-07,0.0,15.456,16.1,10.55,21.65,451.98,1283.76,4.321708613739316,12.423913
2009-06-05,20132.862754377133,31.001883087782307,0.4392824165104737,2.1427323818206787,1.1920929e-07,1.1920929e-07,0.0,15.505464,9.36,6.61,12.11,279.93,1006.13,4.240578198969629,12.933089
2009-06-06,20131.03979700013,32.29814846774336,0.40929701728249734,1.5790456533432007,1.1920929e-07,8.21,8.21,15.552,7.58,5.25,9.91,178.92,915.69,4.303842387466906,11.812901
2009-06-07,20129.605458158585,33.135178513265885,0.3996325881102781,1.3383703231811523,1.1920929e-07,1.1920929e-07,0.0,15.552,6.82,4.55,9.09,252.59,872.88,4.345194224903538,9.653992
2009-06-08,20128.127928586255,29.831004920809622,0.38921373690914374,1.721550703048706,1.1920929e-07,1.1920929e-07,0.0,15.552,8.03,3.52,12.54,462.06,813.1,4.184233279548611,8.849492
2009-06-09,20125.797444769054,28.19660076267634,0.45922084197141205,2.8235905170440674,1.1920929e-07,1.34,1.34,15.552,11.51,6.69,16.33,414.2,982.73,4.106832287098346,8.564353
2009-06-10,20123.046266636724,30.012677444460543,0.4705945102980147,2.6304166316986084,1.1920929e-07,5.81,5.81,15.559052,10.9,6.49,15.31,340.99,981.68,4.192926390538237,8.717106
2009-06-11,20120.60088891761,30.74771722461922,0.45360790474995694,2.299488067626953,1.1920929e-07,1.1920929e-07,0.0,15.641572,9.855,5.29,14.42,451.46,908.28,4.22828312135769,8.656005
2009-06-12,20118.082574273467,28.62637873412011,0.46659990338012414,2.796672821044922,1.1920929e-07,1.1920929e-07,0.0,15.647997,11.425,5.95,16.9,508.16,952.09,4.127045578550649,8.717106
2009-06-13,20115.120101364708,27.03241097519838,0.4595145489442527,3.0088469982147217,1.1920929e-07,1.1920929e-07,0.0,15.647997,12.095,7.55,16.64,447.83,1061.19,4.0525740991209025,9.063346
2009-06-14,20112.29327929256,25.412541132793717,0.40188249776241713,2.644667148590088,1.1920929e-07,1.1920929e-07,0.0,15.647997,10.945,6.84,15.05,416.03,1007.32,3.9782690698633694,8.981878
2009-06-15,20109.845300298584,23.550170638319454,0.3483436018954882,2.3105721473693848,1.1920929e-07,1.1920929e-07,0.0,15.647997,9.89,5.85,13.93,427.91,949.7,3.8945223541327305,8.543986
2009-06-16,20107.376054986544,21.818450692295155,0.34657127093703316,2.666834831237793,1.1920929e-07,1.1920929e-07,0.0,15.647997,11.015,6.56,15.47,445.8,985.0,3.8182332694400825,8.09591
2009-06-17,20104.88791602279,20.199814169916493,0.29764737095603905,2.2915711402893066,1.1920929e-07,1.1920929e-07,0.0,15.647997,9.83,6.76,12.9,324.14,1003.9,3.7482777528590034,7.6172843
2009-06-18,20102.483725470156,18.581254013522795,0.28272737314982765,2.451493740081787,1.1920929e-07,1.1920929e-07,0.0,15.647997,10.335,5.71,14.96,475.92,947.67,3.679607131914406,7.9126067
2009-06-19,20100.411459698968,27.7344161159717,0.3576689599352436,1.6344643831253052,1.1920929e-07,22.95,22.95,15.647997,7.755,4.39,11.12,275.58,866.41,4.085205311979376,10.794547
2009-06-20,20099.32380214469,35.690289863135035,0.372889022920928,0.6195113062858582,1.1920929e-07,1.1920929e-07,0.0,15.647997,4.55,1.95,7.15,293.2,719.87,4.473898280599924,11.303724
2009-06-21,20098.614862888455,36.906546026608964,0.40810124909323164,0.890271008014679,1.1920929e-07,9.77,9.77,15.647997,5.405,1.92,8.89,302.73,720.47,4.5364949389503035,7.6783853
2009-06-22,20097.744778440396,39.73705706281378,0.4421670674424177,0.9203553795814514,1.1920929e-07,4.6,4.6,15.647997,5.5,1.6,9.4,331.01,706.4,4.685583793052945,6.812785
2009-06-23,20096.42562324843,39.83606210806246,0.5297612237714332,1.7848862409591675,1.1920929e-07,3.18,3.18,15.647997,8.23,2.08,14.38,453.45,717.39,4.6908863579662485,5.8657165
2009-06-24,20094.11710971512,38.27742757659851,0.625675265253563,2.8109233379364014,1.1920929e-07,1.1920929e-07,0.0,15.647997,11.47,5.26,17.68,554.7,896.88,4.6081001906013235,6.22214
2009-06-25,20091.9020209027,35.41476858279704,0.4375424138362779,1.4254566431045532,1.1920929e-07,1.1920929e-07,0.0,15.647997,7.095,4.57,9.62,287.24,870.79,4.459838540847614,7.0877404
2009-06-26,20090.451480594325,32.07300521306352,0.4152313228908863,1.653464913368225,1.1920929e-07,1.1920929e-07,0.0,15.647997,7.815,3.52,12.11,472.42,804.3,4.292786942174867,6.415627
2009-06-27,20088.094868364777,29.738422102631855,0.49813564473974137,2.934427499771118,1.1920929e-07,1.1920929e-07,0.0,15.647997,11.86,5.09,18.63,574.1,882.78,4.179810085732098,6.2934246
2009-06-28,20085.438554085693,27.801524165225455,0.41464296883207635,2.3517401218414307,1.1920929e-07,1.1920929e-07,0.0,15.647997,10.02,4.68,15.36,507.31,864.7,4.088338412448546,6.792418
2009-06-29,20083.207818071678,25.605710273012434,0.36498743628521163,2.126898765563965,1.1920929e-07,1.1920929e-07,0.0,15.647997,9.31,4.06,14.56,504.94,820.88,3.9870578887699177,6.507279
2009-06-30,20081.10462681926,23.42505208577383,0.342979598466432,2.2599034309387207,1.1920929e-07,1.1920929e-07,0.0,15.647997,9.73,4.32,15.14,510.12,835.43,3.888959663569211,6.334159
2009-07-01,20078.28407015088,22.020878707285092,0.40445356323129406,3.403111219406128,1.1920929e-07,1.1920929e-07,0.0,15.647997,13.34,7.48,19.2,512.7,1038.45,3.827073318330038,6.3647094
2009-07-02,20074.30499020343,21.73480300865024,0.4925595008899282,4.5099005699157715,1.1920929e-07,1.1920929e-07,0.0,15.601469,16.835,11.2,22.47,483.8,1331.74,3.814586332765724,6.7516837
2009-07-03,20069.465761304753,22.22193855731368,0.5548066583278523,5.040336608886719,1.1920929e-07,1.1920929e-07,0.0,15.552,18.51,12.75,24.27,481.06,1457.68,3.835873878861016,7.596917
2009-07-04,20064.39019836068,22.88001001714803,0.5685316993175611,5.015002250671387,1.1920929e-07,1.1920929e-07,0.0,15.552,18.43,12.79,24.07,468.3,1459.05,3.864819988823151,7.7191195
2009-07-05,20059.741076557493,23.119946582937306,0.4859134784165327,4.131470680236816,1.1920929e-07,1.1920929e-07,0.0,15.552,15.64,8.3,22.98,557.84,1096.8,3.8754281568157296,7.515449
2009-07-06,20057.012649088243,21.630295960823965,0.2733095945302882,1.5647951364517212,1.1920929e-07,1.1920929e-07,0.0,15.552,7.535,5.01,10.06,268.56,905.96,3.810034847539519,7.0673733
2009-07-07,20055.53702031642,19.097751247117337,0.2348072084891034,1.4317903518676758,1.1920929e-07,1.1920929e-07,0.0,15.552,7.115,2.1,12.13,496.29,741.7,3.701382759895623,5.7536974
2009-07-08,20054.0718635685,16.691942875606017,0.20753623268418037,1.5141267776489258,1.1920929e-07,1.1920929e-07,0.0,15.463053,7.375,4.38,10.37,320.25,858.87,3.6010390967114527,5.346356
2009-07-09,20052.449146746072,14.560516162564157,0.19455348996106875,1.8688061237335205,1.1920929e-07,1.1920929e-07,0.0,15.456,8.495,3.55,13.44,488.19,813.78,3.514414568847382,4.9797487
2009-07-10,20049.910212239447,13.400640307057065,0.23693532396163933,3.2716898918151855,1.1920929e-07,1.1920929e-07,0.0,15.456,12.925,7.17,18.68,491.81,1012.82,3.4681541341457494,5.38709
2009-07-11,20045.97137186491,13.60071445923135,0.3020601807807012,4.452898979187012,1.1920929e-07,1.1920929e-07,0.0,15.456,16.655,10.51,22.8,494.26,1275.19,3.47609019751902,6.161039
2009-07-12,20042.229918596295,13.584303274733932,0.21492869256530214,2.7380871772766113,1.1920929e-07,1.1920929e-07,0.0,15.367059,11.24,7.39,15.09,379.67,1043.4,3.4754385547385165,6.9248037
2009-07-13,20040.0950918635,13.578212182997941,0.1762199039195268,1.7563855648040771,1.1920929e-07,3.01,3.01,15.359997,8.14,5.77,10.51,220.97,938.44,3.4751967254051768,6.6498485
2009-07-14,20038.074896063474,13.433786816107606,0.20038851668967195,2.445159912109375,1.1920929e-07,1.1920929e-07,0.0,15.359997,10.315,5.12,15.51,493.44,901.73,3.4694676573491376,6.4767284
2009-07-15,20035.06066234737,12.779846166162464,0.23723585845342923,3.5551164150238037,1.1920929e-07,1.1920929e-07,0.0,15.353575,13.82,7.96,19.68,502.35,1061.39,3.4436450974658017,6.069387
2009-07-16,20031.084025857275,13.05154069365227,0.2828336348107379,4.389563083648682,1.1920929e-07,1.1920929e-07,0.0,15.263997,16.455,11.4,21.51,425.72,1334.77,3.4543502479659014,6.354526
2009-07-17,20026.230796553045,14.111072976328755,0.3505260635741197,5.1131720542907715,1.1920929e-07,1.1920929e-07,0.0,15.263997,18.74,13.4,24.08,431.21,1505.28,3.496416219801878,6.8026013
2009-07-18,20021.551741356012,14.939252973025729,0.3090650442604725,4.148887634277344,1.1920929e-07,1.1920929e-07,0.0,15.257575,15.695,8.72,22.67,535.53,1090.03,3.5296533317378294,6.6498485
2009-07-19,20017.906019222402,14.775669395942066,0.25574320984486665,3.2590227127075195,1.1920929e-07,1.1920929e-07,0.0,15.168,12.885,7.53,18.24,459.45,1041.27,3.5230633327297713,6.252691
2009-07-20,20014.224145295968,14.664999059644526,0.31078765529151575,4.305643558502197,1.1920929e-07,1.1920929e-07,0.0,15.168,16.19,10.0,22.38,482.44,1205.22,3.518611933942183,6.089754
2009-07-21,20009.428816184518,15.575161977890263,0.3888719348074287,5.176507949829102,1.1920929e-07,1.1920929e-07,0.0,15.161578,18.94,13.32,24.56,434.74,1505.4,3.555388369732395,6.609114
2009-07-22,20004.562410621962,16.485985207576025,0.34832318344471747,4.323060989379883,1.1920929e-07,1.1920929e-07,0.0,15.071998,16.245,10.99,21.5,428.15,1309.04,3.5925762920259023,7.1692085
2009-07-23,20000.942206699772,16.2101416818285,0.26673746366722423,3.0341813564300537,1.1920929e-07,1.1920929e-07,0.0,15.071998,12.175,8.61,15.74,333.08,1133.81,3.581273024044182,6.8026013
2009-07-24,19997.744056084848,15.573635260465851,0.2829042351221485,3.569366931915283,1.1920929e-07,1.1920929e-07,0.0,14.983053,13.865,8.81,18.92,453.04,1148.23,3.5553263598002567,7.05719
2009-07-25,19993.660366799155,15.787292201212948,0.347582817359211,4.573236465454102,1.1920929e-07,1.1920929e-07,0.0,14.975997,17.035,12.63,21.44,365.72,1447.38,3.5640148824583484,7.413614
2009-07-26,19988.94568080291,16.55695667872355,0.388598589567994,4.912081718444824,1.1920929e-07,1.1920929e-07,0.0,14.975997,18.105,12.94,23.27,413.18,1482.91,3.5954902629337178,7.7904043
2009-07-27,19983.491276302684,17.944448921194812,0.5077906441130396,5.955535411834717,1.1920929e-07,1.1920929e-07,0.0,14.88,21.4,16.78,26.02,359.57,1888.72,3.652935563758159,8.808758
2009-07-28,19977.192588504975,19.977243222073284,0.6349190848470966,6.5952253341674805,1.1920929e-07,1.1920929e-07,0.0,14.88,23.42,19.32,27.52,317.07,2222.82,3.7387592737668514,9.328118
2009-07-29,19970.412348484588,22.276760159692195,0.7426514741425878,6.897652626037598,1.1920929e-07,1.1920929e-07,0.0,14.784,24.375,19.95,28.8,327.55,2297.69,3.838276976304164,9.41977
2009-07-30,19963.565811318345,24.462900422655316,0.7902600011070755,6.721896171569824,1.1920929e-07,1.1920929e-07,0.0,14.784,23.82,18.16,29.48,396.17,2032.94,3.935343193498606,8.808758
2009-07-31,19957.10614692785,26.166987593847633,0.7716077053520569,6.234212398529053,1.1920929e-07,1.1920929e-07,0.0,14.737467,22.28,16.86,27.7,395.37,1876.57,4.012705237209771,8.676372
2009-08-01,19951.025671427487,27.43551528453525,0.7667944570551526,5.958702564239502,1.1920929e-07,1.1920929e-07,0.0,14.688,21.41,15.45,27.37,444.53,1704.3,4.071279546613962,7.943157
2009-08-02,19945.327608271768,28.29624665011253,0.721777152162902,5.464684963226318,1.1920929e-07,1.1920929e-07,0.0,14.681575,19.85,14.85,24.85,383.47,1668.27,4.111509992807989,7.23031
2009-08-03,19939.96110899864,28.824821825987783,0.7010817286191269,5.241426944732666,1.1920929e-07,1.1920929e-07,0.0,14.592003,19.145,12.83,25.46,472.88,1410.61,4.136412285955039,6.863703
2009-08-04,19934.885317439323,29.074330049428184,0.6538917982384288,4.8234124183654785,1.1920929e-07,1.1920929e-07,0.0,14.592003,17.825,11.88,23.77,446.38,1301.68,4.148219491352857,6.435994
2009-08-05,19930.66682529696,28.574606414524556,0.510299432551255,3.651703357696533,1.1920929e-07,1.1920929e-07,0.0,14.496,14.125,8.15,20.1,478.11,988.7,4.124605365208827,6.242507
2009-08-06,19927.54614334764,27.149690934103955,0.3941210045998287,2.5987489223480225,1.1920929e-07,1.1920929e-07,0.0,14.496,10.8,6.07,15.53,423.34,913.97,4.058007416466556,5.804615
2009-08-07,19925.3933974002,24.94631394445501,0.3045035557043331,1.772219181060791,1.1920929e-07,1.1920929e-07,0.0,14.4,8.19,5.81,10.57,228.93,946.17,3.957136367898482,5.70278
2009-08-08,19923.788345225446,22.36963517730361,0.2659061441559619,1.642381191253662,1.1920929e-07,1.1920929e-07,0.0,14.4,7.78,5.67,9.89,226.18,937.31,3.8423515761919433,5.8453493
2009-08-09,19921.639907753735,21.761811914786012,0.31747973062919577,2.6905856132507324,1.1920929e-07,2.95,2.95,14.304003,11.09,7.99,14.19,257.21,1093.77,3.8157635070881977,5.9064503
2009-08-10,19918.640229921028,23.256337927283838,0.37421350825917044,3.1861865520477295,1.1920929e-07,2.74,2.74,14.304003,12.655,8.22,17.09,343.57,1018.21,3.8814713186339627,5.5703936
2009-08-11,19915.74877838131,26.945246730575043,0.3804852227182752,2.5607476234436035,1.1920929e-07,7.88,7.88,14.208003,10.68,7.38,13.98,235.49,1048.11,4.048540688301596,6.609114
2009-08-12,19913.051698875068,36.491716656810986,0.5387098450074299,2.784005641937256,1.1920929e-07,14.38,14.38,14.208003,11.385,8.33,14.44,232.97,1121.01,4.5150472451017905,7.9635243
2009-08-13,19910.74274159538,44.62936368758679,0.5397545593602067,1.8260544538497925,1.1920929e-07,6.7,6.7,14.111995,8.36,5.22,11.5,222.45,898.23,4.954916789503005,6.8331523
2009-08-14,19909.109483361764,44.34061614138136,0.4977601654341374,1.4618748426437378,1.1920929e-07,1.03,1.03,14.111995,7.21,4.86,9.56,217.55,879.34,4.9385991286164685,5.3769064
2009-08-15,19907.793423951185,40.65181108454915,0.4389868119142156,1.3067023754119873,1.1920929e-07,1.1920929e-07,0.0,14.016,6.72,3.96,9.48,294.31,831.29,4.734805715685395,4.4298377
2009-08-16,19905.980636870994,37.35778559557778,0.5071368537366179,2.4340763092041016,1.1920929e-07,1.1920929e-07,0.0,14.009578,10.28,4.99,15.57,465.14,738.74,4.559940833613252,4.287268
2009-08-17,19902.851104028116,35.41856942836492,0.620387056248996,3.7609572410583496,1.1920929e-07,1.1920929e-07,0.0,13.919997,14.47,9.8,19.14,406.0,993.46,4.4600321955838,4.735344
2009-08-18,19898.591787316473,34.57118990164111,0.728009482754914,4.758493423461914,1.1920929e-07,1.1920929e-07,0.0,13.831053,17.62,12.22,23.02,431.17,997.33,4.417065208757789,5.519476
2009-08-19,19893.32990391025,34.61748608892785,0.8789114592141929,5.765528678894043,1.1920929e-07,1.1920929e-07,0.0,13.824003,20.8,14.65,26.95,467.31,1036.75,4.41940196398361,6.8229685
2009-08-20,19887.745651887482,34.91861339675483,0.768411344802991,5.032419681549072,1.1920929e-07,1.1920929e-07,0.0,13.728,18.485,10.14,26.83,529.43,686.95,4.434631273005349,8.146828
2009-08-21,19883.673947133673,33.93673329591246,0.5201805391054151,3.1481852531433105,1.1920929e-07,1.1920929e-07,0.0,13.728,12.535,7.94,17.13,420.71,804.78,4.385165837417246,6.680399
2009-08-22,19880.702416270753,32.081777647500076,0.45512214433345727,2.7919225692749023,1.1920929e-07,1.1920929e-07,0.0,13.631997,11.41,6.38,16.44,439.13,718.39,4.293217172046575,5.3158054
2009-08-23,19878.43308987347,29.715120415544146,0.34737943887615275,1.8292213678359985,1.1920929e-07,1.1920929e-07,0.0,13.631997,8.37,5.15,11.59,297.31,780.67,4.178697571831463,4.5927744
2009-08-24,19876.046246943042,27.60633183046937,0.3990083692789683,2.921760320663452,1.1920929e-07,1.1920929e-07,0.0,13.536,11.82,4.88,18.76,503.25,559.51,4.079232052621457,4.37892
2009-08-25,19873.35731051012,25.884175494404047,0.34755472623336,2.5512471199035645,1.1920929e-07,1.1920929e-07,0.0,13.536,10.65,5.53,15.77,416.91,665.14,3.999761693454602,4.5113063
2009-08-26,19870.52980676233,24.39389595390701,0.37191718053427375,3.228938102722168,1.1920929e-07,1.1920929e-07,0.0,13.440002,12.79,5.38,20.2,505.57,569.05,3.93224214902428,4.103965
2009-08-27,19866.117711732833,24.41529722712512,0.5404858047152773,5.216092586517334,1.1920929e-07,1.1920929e-07,0.0,13.343994,19.065,14.33,23.8,363.6,1201.03,3.9332036556699927,4.460388
2009-08-28,19861.547002247124,24.562104446602742,0.4218687841468979,3.8781282901763916,1.1920929e-07,1.1920929e-07,0.0,13.343994,14.84,8.85,20.83,450.19,776.79,3.9398056844949876,5.000116
2009-08-29,19858.311378405142,23.834874168939855,0.33098705429889724,2.8283402919769287,1.1920929e-07,0.67,0.67,13.248003,11.525,7.88,15.17,293.45,914.41,3.907209760263836,4.643692
2009-08-30,19855.189775607854,23.072226185321085,0.36099453758061806,3.4347786903381348,1.1920929e-07,1.1920929e-07,0.0,13.248003,13.44,8.25,18.63,422.49,823.11,3.8733160070799357,4.72516
2009-08-31,19851.42877545292,22.5969387363086,0.3967804551600163,4.068134784698486,1.1920929e-07,1.1920929e-07,0.0,13.152002,15.44,10.91,19.97,367.72,1018.16,3.8523420632848366,5.2954383
2009-09-01,19847.562807522965,22.23653533915191,0.3529403396248078,3.5456161499023438,1.1920929e-07,1.1920929e-07,0.0,13.152002,13.79,9.42,18.16,374.9,949.86,3.8365135797893712,5.183419
2009-09-02,19843.79174261692,21.818778997063248,0.372414338766434,3.958881139755249,1.1920929e-07,1.1920929e-07,0.0,13.056003,15.095,9.47,20.72,430.25,857.13,3.8182475899933093,4.6742425
2009-09-03,19840.576554141746,20.95597552337793,0.26847288687092846,2.533829927444458,1.1920929e-07,0.16,0.16,12.960006,10.595,6.95,14.24,305.95,868.86,3.780797168544854,4.908464
2009-09-04,19837.871846164002,21.75763078572418,0.29893012785569206,2.885342597961426,1.1920929e-07,5.11,5.11,12.960006,11.705,7.5,15.91,281.55,941.58,3.8155812501855952,3.7577245
2009-09-05,19835.118004761345,29.028101660128346,0.3676165864319478,2.5132458209991455,1.1920929e-07,12.9,12.9,12.863997,10.53,5.82,15.24,293.76,866.17,4.146029334848075,5.804615
2009-09-06,19833.402567133755,45.90706649860033,0.42805136623329376,1.0121920108795166,1.1920929e-07,26.67,26.67,12.863997,5.79,3.31,8.27,170.89,799.98,5.027771728345048,5.4176407
2009-09-07,19832.34359727273,58.75354252803044,0.5672878173821588,1.21644926071167,1.1920929e-07,7.56,7.56,12.768,6.435,3.65,9.22,231.15,814.76,5.822533153333085,5.020483
2009-09-08,19830.872622946546,60.470834407600094,0.6501826949265287,1.7769694328308105,1.1920929e-07,5.69,5.69,12.672003,8.205,2.72,13.69,315.19,747.58,5.937889758012101,3.706807
2009-09-09,19828.496531678626,58.655886293655364,0.8054279098904086,2.9961800575256348,1.1920929e-07,1.1920929e-07,0.0,12.672003,12.055,7.58,16.53,331.73,995.38,5.8160409958715,3.2892818
2009-09-10,19825.31732719484,55.3427426326298,0.8073651748832656,3.342942237854004,1.1920929e-07,1.1920929e-07,0.0,12.575997,13.15,5.58,20.72,452.05,813.85,5.600020937312445,3.177263
2009-09-11,19821.23078511395,52.99707798012646,1.0174873244442362,4.7727437019348145,1.1920929e-07,1.1920929e-07,0.0,12.575997,17.665,13.17,22.16,313.04,1439.09,5.451950274814685,3.4624019
2009-09-12,19815.78831379449,51.88902383168216,1.2036089739053129,5.830447673797607,1.1920929e-07,1.1920929e-07,0.0,12.48,21.005,16.37,25.64,309.66,1770.62,5.383372031309995,4.399287
2009-09-13,19810.51365224661,50.736398054173975,0.9170774648632677,4.535235404968262,1.1920929e-07,1.1920929e-07,0.0,12.383997,16.915,10.55,23.28,391.17,1158.24,5.312950432912486,4.8677297
2009-09-14,19806.630176113937,48.577055276267245,0.6559577309141051,3.0278475284576416,1.1920929e-07,1.1920929e-07,0.0,12.383997,12.155,7.84,16.47,300.64,1049.76,5.1834917978374895,4.460388
2009-09-15,19803.235300321383,46.184774994735584,0.6650949380930069,3.3951940536499023,1.1920929e-07,1.1920929e-07,0.0,12.288,13.315,7.97,18.66,366.67,1043.04,5.043747915687273,3.767908
2009-09-16,19799.947997870993,43.86462709722828,0.616407514053852,3.270106315612793,1.1920929e-07,1.1920929e-07,0.0,12.288,12.92,7.28,18.56,367.01,981.21,4.91181732528627,3.8595598
2009-09-17,19797.066697797807,41.34695139742389,0.4934501142286655,2.4847447872161865,1.1920929e-07,1.1920929e-07,0.0,12.192,10.44,5.18,15.7,360.97,878.31,4.772555940762663,3.5438702
2009-09-18,19793.65889184319,39.45661439259499,0.6340831560771184,4.0396342277526855,1.1920929e-07,1.1920929e-07,0.0,12.103056,15.35,10.0,20.7,338.17,1117.38,4.670596209103708,3.1365287
2009-09-19,19790.687568939487,42.24255719939644,0.43818664373634997,1.8292213678359985,1.1920929e-07,10.01,10.01,12.096,8.37,3.27,13.47,267.18,795.79,4.82163665569948,4.6131415
2009-09-20,19789.312812738175,43.32884006496738,0.4110564518211257,1.4317903518676758,1.1920929e-07,1.1920929e-07,0.0,12.000006,7.115,2.58,11.65,332.37,736.94,4.8818446650005916,3.9104774
2009-09-21,19786.86017279128,40.495019007225245,0.5785375185861832,3.4759469032287598,1.1920929e-07,1.1920929e-07,0.0,12.000006,13.57,8.42,18.72,327.78,1014.46,4.726332335058236,3.085611
2009-09-22,19782.36153077904,39.60443493152947,0.8258543060603631,5.509019374847412,1.1920929e-07,1.1920929e-07,0.0,11.903997,19.99,16.1,23.88,248.11,1734.04,4.678490137579118,3.7984586
2009-09-23,19776.765029762977,39.677250799090125,0.7691012424706066,5.116338729858398,1.1920929e-07,1.1920929e-07,0.0,11.903997,18.75,11.55,25.95,377.1,1137.74,4.682383561805434,4.531673
2009-09-24,19772.7218769349,38.43910082883548,0.5000423006499055,3.08009934425354,1.1920929e-07,1.1920929e-07,0.0,11.808002,12.32,7.47,17.17,317.54,972.85,4.616619032250763,3.9817622
2009-09-25,19769.543646254762,36.55730831874896,0.489336645674076,3.266939401626587,1.1920929e-07,1.1920929e-07,0.0,11.711994,12.91,7.51,18.31,343.63,959.75,4.5184317331986845,3.2587311
2009-09-26,19766.871673722566,34.33905326398163,0.37177867226233174,2.199734687805176,1.1920929e-07,1.1920929e-07,0.0,11.711994,9.54,5.1,13.98,287.0,843.88,4.405366953301392,3.044877
2009-09-27,19764.578209153948,31.925344952064403,0.3531219675843699,2.346989870071411,1.1920929e-07,1.1920929e-07,0.0,11.615997,10.005,4.8,15.21,311.52,807.91,4.285551650374977,2.5968015
2009-09-28,19762.448257553602,29.491805070493673,0.2920815755622609,1.80072021484375,1.1920929e-07,1.1920929e-07,0.0,11.615997,8.28,1.1,15.46,387.73,605.14,4.168050627553198,2.3422132
2009-09-29,19761.604664549635,29.17460664924013,0.1969972697852698,0.002787334138650621,1.1920929e-07,6.82,6.82,11.520002,2.61,0.16,5.06,136.85,628.79,4.152974260549796,2.0061564
2009-09-30,19761.577095537927,28.32221540967227,0.1950419532201917,0.13477194015690408,1.1920929e-07,1.1920929e-07,0.0,11.424,3.025,0.01,6.04,217.46,625.57,4.112729926740524,1.7312009
2009-10-01,19761.241740690064,28.814404100591915,0.2149301395798542,0.5134240968913844,1.1920929e-07,8.38,8.38,11.424,4.215,1.42,7.01,148.08,689.15,4.1359200308648125,1.5886315
2009-10-02,19760.787620804993,31.966285799126773,0.22682286245573327,0.31706956344845594,1.1920929e-07,5.4,5.4,11.328,3.595,0.59,6.6,191.02,655.04,4.287556512249338,1.6395491
2009-10-03,19760.72956412327,29.878857567930886,0.18146195071457738,1.1920928955078125e-07,1.1920929e-07,1.1920929e-07,0.0,11.328,1.3,-1.3,3.9,185.2,568.86,4.1865213000077395,1.5071632
2009-10-04,19760.434846968154,25.88678490414007,0.20363996359024328,0.8475194573402405,1.1920929e-07,1.1920929e-07,0.0,11.2319975,5.27,1.71,8.83,244.64,695.63,3.9998809280279737,1.446062
2009-10-05,19759.296119938008,22.892711841677695,0.1981547717637132,1.3494540452957153,1.1920929e-07,1.1920929e-07,0.0,11.136003,6.855,3.21,10.5,231.34,773.89,3.8653808381758696,1.3951443
2009-10-06,19757.87701418968,20.314236508584255,0.18024639011213855,1.4697916507720947,1.1920929e-07,1.1920929e-07,0.0,11.136003,7.235,3.19,11.28,245.17,770.77,3.7531805711431163,1.3645937
2009-10-07,19756.390853340698,17.92897378088492,0.15863693154809383,1.4982928037643433,1.1920929e-07,1.1920929e-07,0.0,11.04,7.325,3.0,11.65,251.73,755.71,3.6522898239623363,1.3442266
2009-10-08,19754.83698347746,15.726365832031979,0.14188623276645815,1.5932962894439697,1.1920929e-07,1.1920929e-07,0.0,11.04,7.625,3.76,11.49,231.21,799.99,3.561535103278932,1.3340431
2009-10-09,19753.570324449163,13.353843139863596,0.10164614222709255,0.8142682313919067,1.1920929e-07,1.1920929e-07,0.0,10.9439945,5.165,1.81,8.52,207.63,700.55,3.466300512022441,1.3238596
2009-10-10,19753.30715666284,10.13156416377589,0.060125024762842365,1.1920928955078125e-07,1.1920929e-07,1.1920929e-07,0.0,10.848,1.595,-0.93,4.12,169.17,592.97,3.3410210998278234,1.293309
2009-10-11,19753.30724285665,6.803771781406181,0.040335138043745236,1.1920928955078125e-07,1.1920929e-07,1.1920929e-07,0.0,10.848,1.58,-2.42,5.58,254.24,518.69,3.216390213084997,1.2525748
2009-10-12,19753.307244285344,3.6152715642636983,0.01977313509869995,1.1920928955078125e-07,1.1920929e-07,1.1920929e-07,0.0,10.752,0.535,-2.48,3.55,195.42,522.03,3.1013396299322746,1.2220242
2009-10-13,19753.1767416288,2.5809104177723947,0.018161278688669697,0.5245078176846647,1.1920929e-07,4.95,4.95,10.752,4.25,1.51,6.99,155.88,693.66,3.0649080964433364,1.2220242
2009-10-14,19752.527134115022,13.200977212956346,0.09725654166326969,0.785767138004303,1.1920929e-07,19.35,19.35,10.655997,5.075,2.76,7.39,119.58,752.87,3.4602524382451887,1.6497327
2009-10-15,19751.421715006447,26.183715185436768,0.22231160700740876,1.4697916507720947,1.1920929e-07,11.99,11.99,10.655997,7.235,3.75,10.72,177.65,810.06,4.013472124439128,2.18946
2009-10-16,19749.32120113117,31.8358085755281,0.3428808543235599,2.6905856132507324,1.1920929e-07,4.08,4.08,10.560002,11.09,9.04,13.14,114.39,1163.33,4.281170345360541,1.9450552
2009-10-17,19746.677480027007,36.362191252915316,0.36300186644142823,2.356490135192871,1.1920929e-07,9.78,9.78,10.464,10.035,5.63,14.44,197.26,935.33,4.5083712606825115,2.6579027
2009-10-18,19744.88951614317,37.90776389531368,0.3020363155047637,1.2497005462646484,1.1920929e-07,0.09,0.09,10.464,6.54,4.41,8.67,145.68,861.06,4.588680990798128,2.759738
2009-10-19,19743.878991093257,34.17915263430538,0.24884763110983868,0.8601865172386169,1.1920929e-07,1.1920929e-07,0.0,10.367997,5.31,3.13,7.49,165.23,790.47,4.397326972850593,2.01634
2009-10-20,19742.938629093962,30.54731340925191,0.22775752296222906,0.9741906523704529,1.1920929e-07,1.1920929e-07,0.0,10.367997,5.67,1.11,10.23,274.92,669.3,4.2186138815226775,1.7312009
2009-10-21,19742.105829437343,32.187162430647966,0.22400847099171547,0.6891804337501526,1.1920929e-07,11.73,11.73,10.272,4.77,1.07,8.47,179.85,671.47,4.298388970019828,1.6497327
2009-10-22,19741.56529753265,40.31088857763314,0.2635777319815084,0.3930848997901961,1.1920929e-07,12.4,12.4,10.272,3.835,1.04,6.63,138.65,671.08,4.7164008895390195,1.6191821
2009-10-23,19741.108433949972,58.78411668909477,0.3949010567641235,0.5656760334968567,1.1920929e-07,34.83,34.83,10.176,4.38,0.48,8.28,185.2,649.98,5.824567203689073,7.556183
2009-10-24,19740.831675246627,68.66889709192348,0.4066719542151653,1.1920928955078125e-07,1.1920929e-07,1.1920929e-07,0.0,10.168944,2.515,-0.19,5.22,177.53,616.59,6.520876011168057,5.519476
2009-10-25,19740.39408915893,72.79846464823447,0.5176911800210086,0.8823540806770325,1.1920929e-07,22.63,22.63,10.08,5.38,2.02,8.74,164.72,709.77,6.835878749053208,3.4725854
2009-10-26,19739.800942452614,102.29858476663954,0.6269673766747432,0.21869600694232716,1.1920929e-07,50.84,50.84,9.990422,3.285,-1.69,8.26,200.49,560.35,9.57538060646204,16.089985
2009-10-27,19739.767773811975,126.295773817963,0.6215735307664483,1.1920928955078125e-07,1.312834,14.457166,15.77,9.984,0.08,-3.29,3.45,166.54,499.06,12.595503575655423,6.985905
2009-10-28,19748.060556920675,115.02380772335458,0.5162983033480527,1.1920928955078125e-07,7.589404,0.0005964884,7.59,9.887998,-1.105,-3.94,1.73,150.21,466.91,11.073652218937488,4.053047
2009-10-29,19751.209199884743,120.06147011984108,0.6809152188112595,1.1920928955078125e-07,1.1920929e-07,31.95,31.95,9.887998,2.29,-1.65,6.23,178.42,548.14,11.729640554255248,6.415627
2009-10-30,19750.657696446986,140.25987556706633,0.9822264313697815,1.097694993019104,1.1920929e-07,33.3,33.3,9.792003,6.06,4.18,7.94,94.06,823.8,18.373158443607544,25.764343
2009-10-31,19749.85552415643,145.55065705597846,0.8383532166481018,0.34241108672148,1.1920929e-07,20.1,20.1,9.792003,3.675,-0.11,7.46,169.2,643.92,23.663939932519675,16.599163
2009-11-01,19749.763000335774,135.1467227472799,0.7437161811259456,1.1920928955078125e-07,1.1920929e-07,1.1920929e-07,0.0,9.696003,2.135,-1.07,5.34,201.65,575.17,13.935476092340464,9.491055
2009-11-02,19749.49741788049,121.00600638969149,0.8010213229573088,0.7255984544754028,1.1920929e-07,1.1920929e-07,0.0,9.696003,4.885,1.52,8.25,191.08,684.18,11.856893513798944,6.700766
2009-11-03,19748.807916841797,111.39056744530048,0.6866433866810299,0.4342541207919979,1.1920929e-07,3.95,3.95,9.6,3.965,-1.18,9.11,205.38,563.92,10.623434543761492,5.3361726
2009-11-04,19747.318309722683,103.37340420098259,0.9353861228537591,2.2963216304779053,1.1920929e-07,1.1920929e-07,0.0,9.6,9.845,5.21,14.48,229.99,894.27,9.69367929196451,4.4094706
2009-11-05,19745.5270727811,101.00422940543008,0.7148223959624214,1.142029881477356,1.1920929e-07,12.29,12.29,9.504003,6.2,0.99,11.41,181.19,662.24,9.434833483544347,4.165066
2009-11-06,19745.147646125853,106.91193703537648,0.5329329202120833,1.1920928955078125e-07,0.0002121234,18.929789,18.93,9.504003,0.98,-1.43,3.39,105.66,567.12,10.09356769289177,6.2832413
2009-11-07,19759.427727768576,103.06317170721623,0.4546690219426811,1.1920928955078125e-07,22.92155,0.18845077,23.11,9.408,-0.64,-1.91,0.63,62.93,545.54,9.659384679505736,6.171222
2009-11-08,19765.90601127283,111.36380037241037,0.5576812147998175,1.1920928955078125e-07,3.540516e-05,26.999964,27.0,9.408,1.195,-1.71,4.1,130.1,548.96,10.620186523256287,5.611128
2009-11-09,19765.907696484646,119.63882313768205,0.6461931152617094,1.1920928955078125e-07,1.1920929e-07,12.14,12.14,9.318422,2.445,0.51,4.38,87.04,635.55,11.673142463400765,5.0714006
2009-11-10,19765.91349064078,119.55995919386008,0.623343426678224,1.1920928955078125e-07,1.1920929e-07,12.0,12.0,9.312,1.935,-1.3,5.17,136.09,566.24,11.662630351187294,5.366723
2009-11-11,19765.914100344165,116.25699409953906,0.5434381589724632,1.1920928955078125e-07,0.017040802,5.622959,5.64,9.26253,0.42,-2.95,3.79,140.11,505.58,11.230761443252876,4.8066287
2009-11-12,19765.638400085634,108.67789400735782,0.4976647041063436,1.1920928955078125e-07,0.06372529,2.2162747,2.28,9.216,0.195,-2.97,3.36,160.95,501.33,10.299266758911516,3.920661
2009-11-13,19767.781957513092,99.27292701390203,0.3947255901155559,1.1920928955078125e-07,6.8399997,4.0769578e-07,6.84,9.216,-1.83,-4.37,0.71,112.34,457.02,9.250060383561387,3.5133197
2009-11-14,19773.08954312881,90.18863259984462,0.3277358647970287,1.1920928955078125e-07,6.3,1.1920929e-07,6.3,9.119997,-2.955,-5.83,-0.08,128.88,405.71,8.338228867596037,3.217997
2009-11-15,19779.147756948067,87.55398223337906,0.4402596795324187,1.1920928955078125e-07,5.057454e-07,16.97,16.97,9.119997,1.71,-1.61,5.03,134.11,548.39,8.091001377509553,3.767908
2009-11-16,19778.917016207164,100.39709182250134,0.5772820530053312,0.39783522651428527,1.1920929e-07,26.44,26.44,9.024003,3.85,2.88,4.82,48.91,754.18,9.369620294710556,10.590877
2009-11-17,19778.80427418358,118.9052744172184,0.5507249805644008,1.1920928955078125e-07,0.008096362,30.961903,30.97,9.024003,0.665,-2.99,4.32,139.67,509.69,11.575729300996867,21.8946
2009-11-18,19790.835647770786,116.42468171012368,0.47422361658259915,1.1920928955078125e-07,12.3395195,0.00048139872,12.34,9.016947,-1.175,-4.29,1.94,124.79,458.24,11.252296477213314,10.692712
2009-11-19,19795.423969832427,117.0898217201334,0.591095243356217,1.1920928955078125e-07,1.1920929e-07,20.58,20.58,8.928,2.08,-0.01,4.17,91.91,614.36,11.338123614717114,8.635638
2009-11-20,19795.425775189633,121.9730049971785,0.6008312904376145,1.1920928955078125e-07,4.1395427e-07,13.89,13.89,8.928,1.72,-3.02,6.46,151.19,509.17,11.988603025723691,8.289397
2009-11-21,19800.381705765405,115.97937254197953,0.4593445011502247,1.1920928955078125e-07,9.549882,0.00011782945,9.55,8.838422,-1.29,-4.44,1.86,121.16,453.63,11.195198867431726,6.8026013
2009-11-22,19819.692982615983,104.97510829516892,0.4285831925277304,1.1920928955078125e-07,28.939371,0.03062903,28.97,8.831997,-0.845,-3.12,1.43,92.77,496.83,9.872686148955273,6.8942533
2009-11-23,19841.20309509726,100.49700819661766,0.4388975501393242,1.1920928955078125e-07,1.3321992,23.007801,24.34,8.831997,0.125,-2.99,3.24,116.52,503.35,9.380321331973953,5.8555326
2009-11-24,19841.155173273753,112.67873614196905,0.6669784604199464,0.6860136985778809,1.1920929e-07,21.03,21.03,8.742422,4.76,2.68,6.84,83.77,743.79,10.78092581766547,13.136761
2009-11-25,19839.975569236114,114.68632996056132,0.7975115159166918,1.4650413990020752,1.1920929e-07,4.6,4.6,8.736,7.22,4.18,10.26,123.26,819.26,11.031041539022889,11.60923
2009-11-26,19838.87392184848,112.71261918229946,0.650467919571593,0.5688427090644836,1.1920929e-07,12.74,12.74,8.736,4.39,0.23,8.55,133.21,625.01,10.785099715556605,10.010415
2009-11-27,19840.75322996994,111.24600050907968,0.45041263477877036,1.1920928955078125e-07,10.350329,0.06967031,10.42,8.646422,-0.66,-3.12,1.8,96.04,503.77,10.605904028550826,10.285371
2009-11-28,19848.638894018357,100.80994086559635,0.4114199597509093,1.1920928955078125e-07,5.383518,0.12648205,5.51,8.64,-0.535,-3.14,2.07,100.38,496.68,9.413915545324999,7.932974
2009-11-29,19849.48646553197,95.10924750982394,0.4751751326432561,1.1920928955078125e-07,1.1920929e-07,3.96,3.96,8.64,2.41,0.6,4.22,68.98,642.38,8.820372300065953,6.8331523
2009-11-30,19849.44549104538,87.81414502081384,0.4422492667194851,1.1920928955078125e-07,1.1920929e-07,1.1920929e-07,0.0,8.632941,2.54,0.77,4.31,89.31,646.23,8.1150844742762,6.0795703
2009-12-01,19849.584491490197,79.71643221014243,0.31342188417454714,1.1920928955078125e-07,0.2598564,0.00014358162,0.26,8.544,-0.91,-3.35,1.53,119.0,491.64,7.398047371901547,5.5907607
2009-12-02,19849.715241146412,72.30528661665328,0.3326839927232082,1.1920928955078125e-07,1.1920929e-07,1.1920929e-07,0.0,8.544,1.365,-3.02,5.75,174.16,491.0,6.797473148837169,5.020483
2009-12-03,19849.53098607904,65.60256394103334,0.36854897292571315,0.5466753514602551,1.1920929e-07,1.1920929e-07,0.0,8.544,4.32,0.31,8.33,165.13,623.6,6.296405044332957,4.562224
2009-12-04,19849.211821499943,59.531247163880124,0.21597025150124838,1.1920928955078125e-07,1.1920929e-07,1.1920929e-07,0.0,8.536944,-2.045,-5.68,1.59,157.83,405.19,5.874494053861997,4.165066
2009-12-05,19849.18596665161,53.68089814306285,0.1641346758190144,1.1920928955078125e-07,1.1920929e-07,1.1920929e-07,0.0,8.448,-4.3,-7.34,-1.26,143.19,354.93,5.494707604716701,3.7984586
2009-12-06,19849.190868928756,48.21682859094375,0.09804238303218543,1.1920928955078125e-07,1.1920929e-07,1.1920929e-07,0.0,8.448,-9.835,-13.29,-6.38,156.16,238.97,5.162204314324068,3.5133197
2009-12-07,19849.156101369135,43.118925115477126,0.06938186387332908,1.1920928955078125e-07,1.1920929e-07,1.1920929e-07,0.0,8.448,-12.89,-15.9,-9.88,141.74,188.59,4.870151662897187,3.1263454
2009-12-08,19849.187273328913,38.3147698540489,0.06769216197282205,1.1920928955078125e-07,1.1920929e-07,1.1920929e-07,0.0,8.448,-11.68,-15.14,-8.22,147.49,191.33,4.610066422268481,2.9430416
2009-12-09,19849.318801025653,33.748060385662924,0.07751591097151254,1.1920928955078125e-07,3.97,1.1920929e-07,3.97,8.448,-8.21,-13.0,-3.42,154.18,226.7,4.375724208051417,2.759738
2009-12-10,19849.455708887363,29.393904787364438,0.08547342265286602,1.1920928955078125e-07,1.1920929e-07,1.1920929e-07,0.0,8.398531,-4.915,-9.18,-0.65,177.31,303.83,4.163391619847162,2.5662508
2009-12-11,19849.551525242852,25.24187241137373,0.0851125576533984,1.1920928955078125e-07,1.1920929e-07,1.1920929e-07,0.0,8.352,-2.77,-6.78,1.24,169.89,363.38,3.970520097474848,2.3931308
2009-12-12,19849.59697890333,21.28253007822426,0.0713558947129384,1.1920928955078125e-07,1.1920929e-07,1.1920929e-07,0.0,8.352,-2.85,-6.07,0.37,144.33,386.77,3.7949280350347605,2.3523967
2009-12-13,19852.82052412794,17.5111122637796,0.04892491047190378,1.1920928955078125e-07,7.25,1.1920929e-07,7.25,8.352,-5.39,-7.9,-2.88,91.48,339.68,3.634896572796283,2.3523967
2009-12-14,19862.39201800773,13.899941507835166,0.05196731766327255,1.1920928955078125e-07,11.859874,0.00012618363,11.86,8.352,-1.305,-4.26,1.65,105.16,445.02,3.4879931232190415,2.4440484
2009-12-15,19865.912211913666,22.139022090160044,0.10981964887258223,0.0596915847172923,1.1920929e-07,18.9,18.9,8.352,2.805,0.61,5.0,81.43,633.24,3.832242105251557,2.9532251
2009-12-16,19865.807855695115,34.85289708768679,0.16678928881747906,1.1920928955078125e-07,1.1920929e-07,13.95,13.95,8.352,2.275,0.78,3.77,56.13,644.82,4.431303244783422,3.9715786
2009-12-17,19865.81180092871,46.381840314753624,0.2238520691047416,1.1920928955078125e-07,1.1920929e-07,19.07,19.07,8.352,2.4,0.35,4.45,76.7,626.17,5.055115596224331,4.450205
2009-12-18,19865.482630736726,52.17950417980506,0.2979281629370033,0.7319320440292358,1.1920929e-07,3.17,3.17,8.352,4.905,2.45,7.36,93.76,724.96,5.4012661896862575,3.574421
2009-12-19,19864.610889046307,57.41223152137091,0.345736653828021,0.9868577718734741,1.1920929e-07,17.32,17.32,8.352,5.71,4.09,7.33,55.14,813.06,5.733993532993384,4.664059
2009-12-20,19863.52539726269,67.27493105646181,0.4109083793449599,1.054943561553955,1.1920929e-07,13.29,13.29,8.352,5.925,3.78,8.07,74.85,800.95,6.417855416937106,6.334159
2009-12-21,19863.038057675003,78.45950192933671,0.32933601571364807,1.1920928955078125e-07,0.117578015,21.292421,21.41,8.352,0.36,-4.37,5.09,122.74,468.9,7.292576314749794,10.061333
2009-12-22,19874.885466412943,73.19639800762704,0.22697330692670215,1.1920928955078125e-07,6.06,1.1920929e-07,6.06,8.352,-3.945,-6.23,-1.66,80.12,394.42,6.867025414550872,7.291411
2009-12-23,19878.524415605203,66.34862066117508,0.22300640686736317,1.1920928955078125e-07,1.12,1.1920929e-07,1.12,8.352,-2.815,-6.83,1.2,142.55,374.77,6.350298482850862,5.478742
2009-12-24,19878.771113148417,60.03409810358155,0.29379478375378965,0.0018869119529315026,1.1920929e-07,1.1920929e-07,0.0,8.352,2.605,-1.6,6.81,159.53,544.86,5.90833769537029,4.6335087
2009-12-25,19878.107450848685,54.662200519860235,0.32755165498505784,0.9631069898605347,1.1920929e-07,1.1920929e-07,0.0,8.352,5.635,1.62,9.65,153.24,684.71,5.556652191312489,4.114148
2009-12-26,19877.74807104051,49.35199449680172,0.2279641676117819,1.1920928955078125e-07,1.1920929e-07,1.1920929e-07,0.0,8.352,1.755,-1.51,5.02,136.91,552.88,5.229584609221188,3.747541
2009-12-27,19877.748358327284,44.043748263628444,0.18265342201865328,1.1920928955078125e-07,1.1920929e-07,1.1920929e-07,0.0,8.352,0.185,-2.59,2.96,120.79,511.91,4.921878596823019,3.4216678
2009-12-28,19877.748788833225,39.98175702004273,0.18830193702575848,1.1920928955078125e-07,1.1920929e-07,2.01,2.01,8.352,2.04,-1.35,5.43,133.94,556.91,4.698700478499368,3.2485478
2009-12-29,19877.718005545146,37.776955700849314,0.1562857971894884,1.1920928955078125e-07,0.1346231,2.9853768,3.12,8.352,0.15,-2.18,2.48,90.24,522.98,4.581828985405787,3.044877
2009-12-30,19882.323159889318,33.77195456306542,0.1267050546249126,1.1920928955078125e-07,8.159857,0.00014299393,8.16,8.352,-1.255,-2.82,0.31,55.94,499.1,4.376918802891887,2.9634087
2009-12-31,19887.288146747047,39.31135125674846,0.18271843830394305,1.1920928955078125e-07,6.2733886e-07,21.05,21.05,8.358422,1.835,-2.66,6.33,122.97,506.28,4.662851827092754,3.2689147
2010-01-01,19887.229322737647,52.52766050640022,0.26836083157950097,0.15444254707618477,1.1920929e-07,15.26,15.26,8.440945,3.085,1.12,5.05,82.25,663.41,5.422791685452426,5.1223183
2010-01-02,19887.201840407128,61.27314492749443,0.2630391783791747,1.1920928955078125e-07,0.015690954,14.074308,14.09,8.448,0.52,-0.51,1.55,47.56,594.14,5.99256437632498,5.70278
2010-01-03,19887.208126542024,63.27313215927581,0.2861849622887776,1.1920928955078125e-07,1.5556813e-06,2.8999984,2.9,8.448,1.28,-1.3,3.86,129.72,560.27,6.131058093815713,4.6131415
2010-01-04,19887.10115394819,72.0612372516747,0.38647631941566224,0.38041706068658243,1.1920929e-07,28.68,28.68,8.448,3.795,2.14,5.45,72.79,713.4,6.778548002573699,7.3728795
2010-01-05,19886.635187665743,92.11788948890974,0.4997001011582125,0.4342541207919979,1.1920929e-07,23.56,23.56,8.448,3.965,2.61,5.32,60.17,741.77,8.524042638044117,15.886314
2010-01-06,19886.45195465185,96.16182953528185,0.47010731578765297,1.1920928955078125e-07,1.1920929e-07,3.35,3.35,8.494531,2.34,-0.63,5.31,131.94,602.23,8.927075133752169,11.100053
2010-01-07,19886.45657940116,87.32901173157066,0.4373432403915219,0.002787334138650621,1.1920929e-07,1.1920929e-07,0.0,8.544,2.61,-1.06,6.28,177.0,570.84,8.07023363828374,7.820955
2010-01-08,19885.98848744467,87.57865869126029,0.530693739656056,0.9076882600784302,1.1920929e-07,15.89,15.89,8.544,5.46,2.7,8.22,112.79,742.89,8.093282589497841,7.688569
2010-01-09,19885.04686004862,94.96173036982853,0.5844276954907012,0.9821076393127441,1.1920929e-07,13.04,13.04,8.544,5.695,3.44,7.95,95.1,784.79,8.805520371886157,10.051149
2010-01-10,19883.845833408996,92.5656505035897,0.6247021954582019,1.4238735437393188,1.1920929e-07,1.1920929e-07,0.0,8.550425,7.09,4.66,9.52,127.02,852.69,8.567756830295512,7.7191195
2010-01-11,19882.240445444495,88.71022178299864,0.6378371420602129,1.681965947151184,1.1920929e-07,7.29,7.29,8.64,7.905,4.65,11.16,120.58,852.21,8.198583687732391,8.106094
2010-01-12,19880.955608829558,89.31948355522852,0.5351480764397133,0.8000177145004272,1.1920929e-07,8.96,8.96,8.64,5.12,2.62,7.62,105.2,744.08,8.255846723413878,8.014442
2010-01-13,19880.48563425167,92.7946695432822,0.48673691267313945,0.1690361245581542,1.1920929e-07,14.24,14.24,8.64,3.13,0.44,5.82,111.73,639.55,8.590202176345471,7.5256324
2010-01-14,19880.456266219848,97.45481706272531,0.48858012874845863,1.1920928955078125e-07,1.1920929e-07,13.7,13.7,8.728945,2.31,-0.5,5.12,113.87,595.48,9.059916800875648,7.0164557
2010-01-15,19880.44732025765,101.31293183548843,0.5244223583463552,0.04764954617190931,1.1920929e-07,13.6,13.6,8.736,2.77,-0.5,6.04,125.79,594.08,9.468165350809775,8.034809
2010-01-16,19880.438322158,107.27302795611145,0.5138900609343084,1.1920928955078125e-07,5.543232e-07,18.6,18.6,8.736,1.63,-0.31,3.57,82.66,599.82,10.135290802360775,7.6987524
2010-01-17,19880.43266931601,109.23415707242278,0.5729212597314461,0.063165132825179,1.1920929e-07,6.78,6.78,8.824942,2.815,1.02,4.61,79.0,662.49,10.364924587484122,6.3850765
2010-01-18,19880.386538158386,105.17726179281736,0.5491065867449312,0.035980815793645426,1.1920929e-07,6.26,6.26,8.831997,2.735,0.35,5.12,102.43,637.51,9.895512553123554,5.611128
2010-01-19,19880.19508962148,98.7188284248926,0.5443049286843137,0.3012276262125084,1.1920929e-07,0.89,0.89,8.831997,3.545,0.58,6.51,151.1,643.98,9.191692073364853,4.9797487
2010-01-20,19880.074141688965,90.09401195664927,0.46339041269150083,1.1920928955078125e-07,1.1920929e-07,0.9,0.9,8.928,2.355,0.14,4.57,122.85,618.49,8.329220536560587,4.4807553
2010-01-21,19880.077012053313,85.18439628032375,0.42032914251398973,1.1920928955078125e-07,1.8686056e-07,6.27,6.27,8.928,1.745,-0.89,4.38,111.11,578.65,7.874914142683797,4.093781
2010-01-22,19880.077023868595,79.81222630838779,0.3785082206107388,1.1920928955078125e-07,1.1920929e-07,1.1920929e-07,0.0,8.928,1.165,-0.75,3.08,116.1,581.96,7.406147891050012,3.7780914
2010-01-23,19880.425149167735,76.43090812394331,0.3357792931469158,1.1920928955078125e-07,3.2585166,5.9314833,9.19,9.024003,-0.1,-2.66,2.46,118.64,511.5,7.125516188961604,3.5947878
2010-01-24,19888.805073666284,73.30369195642041,0.32103771002155057,1.1920928955078125e-07,7.3588095,8.54119,15.9,9.024003,-0.145,-3.16,2.87,131.98,487.92,6.875447689372662,3.574421
2010-01-25,19889.89759381387,86.47172669637281,0.4151548705156944,1.1920928955078125e-07,0.00016121865,27.599838,27.6,9.112942,1.045,-1.43,3.52,119.14,555.53,7.991582365317148,4.3483696
2010-01-26,19889.898963138134,91.77447750646854,0.42283162120472506,1.1920928955078125e-07,1.1920929e-07,1.1920929e-07,0.0,9.119997,0.435,-1.64,2.51,135.06,547.26,8.490667062057772,3.6660726
2010-01-27,19889.900917497383,83.30115814207119,0.3685793338209868,1.1920928955078125e-07,1.1920929e-07,1.1920929e-07,0.0,9.126422,-0.16,-3.42,3.1,193.01,480.57,7.707301398994288,3.3401995
2010-01-28,19889.861721883353,75.57226202903871,0.4349447341624372,0.30281194803849765,1.1920929e-07,1.1920929e-07,0.0,9.216,3.55,-0.18,7.28,209.68,607.24,7.055962276457198,3.1263454
2010-01-29,19889.36537348536,69.05423750210554,0.4176154717661434,0.5371749080911314,1.1920929e-07,1.1920929e-07,0.0,9.216,4.29,0.98,7.6,196.06,656.82,6.549645099185273,2.9939594
2010-01-30,19889.229028782363,67.56322368083444,0.34476555153275007,1.1920928955078125e-07,2.7537345e-07,9.24,9.24,9.312,1.62,-0.12,3.36,90.41,611.47,6.439027235187626,3.1059783
2010-01-31,19889.251634175103,70.90586814957967,0.3288735370373401,1.1920928955078125e-07,0.20336364,10.036636,10.24,9.312,0.23,-1.61,2.07,104.05,555.28,6.6896660081930435,3.1263454
2010-02-01,19889.688258281185,70.7882025392126,0.3334357887885062,1.1920928955078125e-07,0.044652764,4.665347,4.71,9.408,0.305,-2.13,2.74,130.18,529.63,6.680679696850684,2.912491
2010-02-02,19889.70203687494,68.31176165770837,0.3460934764402999,1.1920928955078125e-07,1.0538101e-06,4.419999,4.42,9.408,1.365,-1.69,4.42,155.31,545.24,6.494325519066521,2.85139
2010-02-03,19889.7039657287,66.44595443223034,0.3702752489216382,0.0037268553001779114,1.1920929e-07,5.33,5.33,9.504003,2.615,-0.32,5.55,147.0,601.47,6.357363585894606,2.7291875
2010-02-04,19889.705865744316,64.35967448781723,0.3371401796580989,1.1920928955078125e-07,1.2218952e-07,4.1,4.1,9.504003,1.705,-0.26,3.67,103.97,604.01,6.207635311826566,2.6782696
2010-02-05,19889.660257860967,62.261648590096094,0.3605296937084812,0.14136048768991394,1.1920929e-07,4.45,4.45,9.592944,3.045,0.58,5.51,126.61,644.13,6.060620124072041,2.5968015
2010-02-06,19889.458029845253,59.759055604709275,0.34922320779753707,0.18192397400623683,1.1920929e-07,2.87,2.87,9.6,3.17,0.09,6.25,169.1,617.89,5.889802279682081,2.5357003
2010-02-07,19889.413652051247,57.72563843682261,0.3090098623353675,1.1920928955078125e-07,1.4454126e-07,4.85,4.85,9.688945,1.74,-0.59,4.07,123.32,592.12,5.754560147462531,2.6986368
2010-02-08,19889.413675341024,55.42158633535772,0.280783231469441,1.1920928955078125e-07,4.8309266e-05,2.4899516,2.49,9.696003,0.925,-2.47,4.32,206.45,520.22,5.605067220263523,2.5662508
2010-02-09,19889.41371594761,50.88076405900601,0.25862768722142243,1.1920928955078125e-07,1.1920929e-07,1.1920929e-07,0.0,9.784947,0.84,-1.95,3.63,190.34,534.25,5.321720001183473,2.4440484
2010-02-10,19889.418227267124,46.55003364796486,0.22813690685639143,1.1920928955078125e-07,0.035164572,3.4948356,3.53,9.792003,0.3,-2.63,3.23,188.29,509.27,5.064838063849979,2.3931308
2010-02-11,19889.422655987204,51.21300209893727,0.29104086704988474,1.1920928955078125e-07,1.1920929e-07,15.75,15.75,9.887998,2.32,-0.06,4.7,136.15,606.47,5.341956955571468,2.4338648
2010-02-12,19889.42433541806,59.82109338355371,0.3276985482246025,1.1920928955078125e-07,3.939867e-07,13.22,13.22,9.887998,1.78,-0.59,4.15,136.43,591.87,5.893977988395281,2.9939594
2010-02-13,19889.42675371528,66.71664437513644,0.3880558012281009,1.1920928955078125e-07,1.1920929e-07,13.52,13.52,9.984,2.52,-0.57,5.61,175.8,596.21,6.377053334758165,3.3605666
2010-02-14,19889.360356939458,73.2196292448789,0.4408199364525811,0.1364222981605412,1.1920929e-07,13.2,13.2,9.984,3.03,-0.03,6.09,176.53,619.47,6.868848126159183,3.6762562
2010-02-15,19889.324491258514,75.10709633480447,0.4164305395776058,1.1920928955078125e-07,1.4901161e-07,5.0,5.0,10.08,1.675,-2.39,5.74,207.9,520.99,7.018565872857649,3.5846043
2010-02-16,19889.325770375857,75.616462226252,0.43747456416725833,1.1920928955078125e-07,1.1920929e-07,10.83,10.83,10.08,2.3,-0.73,5.33,170.2,586.84,7.059526044613883,3.8595598
2010-02-17,19889.3272618239,73.28956157321029,0.4148655224247295,1.1920928955078125e-07,1.1920929e-07,1.1920929e-07,0.0,10.176,1.84,-2.01,5.69,257.83,531.69,6.8743379034718055,3.6049714
2010-02-18,19889.313309048495,66.27148089191105,0.4043354448460278,0.10802254821412038,1.1920929e-07,1.1920929e-07,0.0,10.176,2.945,-0.71,6.6,261.61,582.94,6.344704766221037,3.2383642
2010-02-19,19889.222351704084,59.86020239723851,0.36359333642279285,0.037613395348785605,1.1920929e-07,1.1920929e-07,0.0,10.272,2.74,-0.61,6.09,231.27,586.48,5.896611903227306,2.9837759
2010-02-20,19889.21871663912,53.834138025112225,0.30948471912569164,1.1920928955078125e-07,1.1920929e-07,1.1920929e-07,0.0,10.278422,1.92,-1.69,5.53,243.33,541.21,5.504335157907309,2.780105
2010-02-21,19889.21923652955,48.22050576645218,0.2631219230266236,1.1920928955078125e-07,1.1920929e-07,1.1920929e-07,0.0,10.367997,1.03,-2.25,4.31,230.14,520.82,5.162421173600324,2.6171684
2010-02-22,19889.169756068964,42.973455607984185,0.276790218683734,0.23460591286144172,1.1920929e-07,1.1920929e-07,0.0,10.464,3.335,-0.39,7.06,257.44,597.76,4.862064932351999,2.5051496
2010-02-23,19888.774895807055,41.29623467154324,0.27849527613391467,0.4516716291475902,1.1920929e-07,7.11,7.11,10.464,4.02,0.74,7.3,176.51,641.66,4.769791573356817,2.454232
2010-02-24,19888.630864723724,46.89296628809758,0.2667601020918767,1.1920928955078125e-07,2.9394032e-06,14.089996,14.09,10.560002,1.37,-0.34,3.08,111.5,601.61,5.084719360736725,2.6986368
2010-02-25,19888.631968245067,52.39954121260295,0.3124531045501421,1.1920928955078125e-07,1.1920929e-07,7.12,7.12,10.560002,2.06,-0.87,4.99,184.9,582.86,5.414860483562832,2.719004
2010-02-26,19888.537838533754,55.55398186207091,0.36487690180686827,0.2409619923561701,1.1920929e-07,10.61,10.61,10.655997,3.355,0.97,5.74,154.11,662.97,5.613551245375673,3.1874466
2010-02-27,19888.34366074957,60.16349109897259,0.3862039662188208,0.1314642549912115,1.1920929e-07,9.67,9.67,10.655997,3.015,0.15,5.88,189.98,627.75,5.917077796031599,3.9308445
2010-02-28,19888.245197863307,59.43153413321579,0.38054958289268165,0.07360990380861798,1.1920929e-07,1.28,1.28,10.752,2.845,-0.61,6.3,265.89,591.08,5.867806082814918,3.19763
2010-03-01,19887.411813347047,54.11294134550628,0.46955144361100154,1.4887925386428833,1.1920929e-07,1.1920929e-07,0.0,10.848,7.295,3.79,10.8,271.68,799.44,5.521894731096963,2.8819404
2010-03-02,19886.41186975782,51.56591206509826,0.3620842734460781,0.4722558359184248,1.1920929e-07,4.65,4.65,10.848,4.085,0.51,7.66,210.26,643.8,5.363537350971314,2.8208392
2010-03-03,19886.27441323476,52.69969741128498,0.3188653344099537,1.1920928955078125e-07,2.4825334e-07,8.33,8.33,10.9439945,1.75,-1.31,4.81,192.76,560.52,5.4334598748430745,2.9634087
2010-03-04,19886.274536164237,52.58559688846868,0.31087112272354284,1.1920928955078125e-07,3.33786e-07,2.2399998,2.24,10.9439945,1.41,-1.95,4.77,271.9,539.3,5.426382040164873,2.6782696
2010-03-05,19886.274542562147,47.871850090743585,0.29070355850259094,1.1920928955078125e-07,1.1920929e-07,1.1920929e-07,0.0,11.04,1.675,-2.41,5.76,324.22,516.05,5.14189987287834,2.5357003
2010-03-06,19886.028113564833,42.79642114752951,0.32115168812312067,0.7018475532531738,1.1920929e-07,1.1920929e-07,0.0,11.046422,4.81,1.43,8.19,264.77,673.28,4.852241600736384,2.4440484
2010-03-07,19885.291454519964,38.650703672341585,0.2783225831663505,0.4675057050564746,1.1920929e-07,0.44,0.44,11.136003,4.07,-0.9,9.04,339.82,574.37,4.627792549376905,2.413498
2010-03-08,19887.16462232624,36.0295256896643,0.17601499811309687,1.1920928955078125e-07,7.5899987,1.3571978e-06,7.59,11.2319975,-1.715,-6.75,3.32,283.76,385.16,4.491270246330825,2.4236813
2010-03-09,19893.520211314288,31.512752619823782,0.11827586876058231,1.1920928955078125e-07,5.3,1.1920929e-07,5.3,11.2319975,-5.405,-10.05,-0.76,305.12,296.72,4.265399374227885,2.3014789
2010-03-10,19898.71418018381,27.227765189625927,0.12960156607660284,1.1920928955078125e-07,5.78,1.1920929e-07,5.78,11.328,-2.205,-4.96,0.55,223.32,429.35,4.061628459739032,2.3116624
2010-03-11,19908.363088519487,23.135194473427816,0.12174081844849527,1.1920928955078125e-07,13.930309,0.029690308,13.96,11.328,-0.775,-2.98,1.43,178.34,504.73,3.8761032855837736,2.3523967
2010-03-12,19917.992274533517,26.27695685044007,0.14818127647545157,1.1920928955078125e-07,1.2034342,16.186565,17.39,11.424,0.1,-2.09,2.29,175.71,536.01,4.017749534922818,3.1365287
2010-03-13,19925.2393597019,28.051148776108704,0.1486005232567933,1.1920928955078125e-07,9.065467,0.0045322385,9.07,11.520002,-0.92,-4.14,2.3,237.55,464.02,4.100013844537466,2.7699215
2010-03-14,19930.251564815477,23.927578555980297,0.1302478639113924,1.1920928955078125e-07,1.4345678,0.035432223,1.47,11.520002,-0.53,-4.57,3.51,334.7,441.83,3.911349912772802,2.4745991
2010-03-15,19930.414302713838,19.925484138450866,0.1504697708816343,0.4928399933266494,1.1920929e-07,1.1920929e-07,0.0,11.615997,4.15,-0.33,8.63,380.84,607.84,3.736549208886025,2.4033144
2010-03-16,19929.64473526856,17.795031269419677,0.14357824670690278,0.8079347014427185,1.1920929e-07,2.06,2.06,11.615997,5.145,-0.35,10.64,381.17,607.66,3.646705497795175,2.5764344
2010-03-17,19929.385178908426,18.288527806070817,0.11001276670624957,1.1920928955078125e-07,0.0013673794,5.7786326,5.78,11.711994,0.675,-3.06,4.41,257.84,506.28,3.6673226617685555,2.6986368
2010-03-18,19929.436392927448,17.47586472535027,0.10635136597408434,1.1920928955078125e-07,1.1920929e-07,1.1920929e-07,0.0,11.808002,0.725,-4.49,5.94,410.74,443.03,3.6334332075088502,2.494966
2010-03-19,19929.372652310474,13.878410332588633,0.10389661058208155,0.374083078703606,1.1920929e-07,1.1920929e-07,0.0,11.808002,3.775,-0.26,7.81,328.04,600.79,3.487135277322242,2.4033144
2010-03-20,19928.44514550382,11.268986296801677,0.10543213861722425,1.4032893180847168,1.1920929e-07,1.1920929e-07,0.0,11.903997,7.025,2.05,12.0,367.64,716.29,3.3847174216657927,2.3422132
2010-03-21,19927.455694254877,15.026600334284513,0.11234684911306009,0.3297409597375207,1.1920929e-07,12.49,12.49,11.903997,3.635,-0.46,7.73,272.06,603.02,3.5331771854945493,2.739371
2010-03-22,19927.39538091347,22.13897203934308,0.138529846847478,1.1920928955078125e-07,0.0002140233,8.1697855,8.17,12.000006,0.895,-2.51,4.3,247.68,522.93,3.8322399140450027,3.0550606
2010-03-23,19927.395361712246,22.15596952197294,0.15560244000756485,1.1920928955078125e-07,1.1920929e-07,1.1920929e-07,0.0,12.096,2.47,-2.53,7.47,409.5,517.2,3.8329841296906006,2.7291875
2010-03-24,19926.64554507328,18.088408383402005,0.1716279195361161,1.3937890529632568,1.1920929e-07,1.1920929e-07,0.0,12.096,6.995,2.87,11.12,334.69,748.49,3.6589481141533593,2.5968015
2010-03-25,19925.912008915093,21.847230255080305,0.15412852733232357,1.1920928955078125e-07,1.1920929e-07,13.51,13.51,12.192,2.42,-1.39,6.23,242.61,564.46,3.8194888291713864,2.7291875
2010-03-26,19925.91381332151,30.500495139885274,0.19257548305334052,1.1920928955078125e-07,0.00075746566,10.629242,10.63,12.192,0.795,-2.35,3.94,229.16,525.1,4.216358145212448,3.1161618
2010-03-27,19925.91396263455,30.73841031406923,0.20832868405284036,1.1920928955078125e-07,1.1920929e-07,1.1920929e-07,0.0,12.288,1.715,-3.52,6.95,412.74,476.13,4.22783358394084,2.8208392
2010-03-28,19925.741269726335,30.338696048063326,0.2414125688017925,0.43742093824365824,1.1920929e-07,9.82,9.82,12.383997,3.975,-0.45,8.4,288.25,598.16,4.208571836938299,3.0346935
2010-03-29,19925.606317701877,44.953752982524314,0.2792096996042374,1.1920928955078125e-07,0.19681004,26.40319,26.6,12.383997,0.33,-2.3,2.96,201.84,532.06,4.973312949282611,5.7435136
2010-03-30,19943.42065524496,45.11637613976948,0.25098639127511807,1.1920928955078125e-07,18.219893,0.000106427666,18.22,12.48,-1.365,-3.67,0.94,188.29,476.72,4.9825610167990435,4.8473625
2010-03-31,19954.620836655686,40.03661154996018,0.22880721596442935,1.1920928955078125e-07,5.8783875,0.0016128874,5.88,12.48,-0.98,-5.12,3.16,296.72,431.6,4.701645887960398,3.920661
2010-04-01,19958.904969496187,35.24781173604139,0.2011533894645546,1.1920928955078125e-07,3.3597488,0.0002511406,3.36,12.575997,-1.11,-4.7,2.48,315.91,445.14,4.451340308509447,3.442035
2010-04-02,19967.51243835616,30.72016222256961,0.17665319145980032,1.1920928955078125e-07,14.288932,0.001068095,14.29,12.672003,-1.11,-3.58,1.36,198.15,479.91,4.226952313099733,3.350383
2010-04-03,19978.790791848958,26.431300659154516,0.1420838993050664,1.1920928955078125e-07,14.06,4.1902067e-07,14.06,12.672003,-2.07,-4.53,0.39,206.93,448.98,4.02483999380204,3.2587311
2010-04-04,19988.684906896662,22.359955167665262,0.13438509839865334,1.1920928955078125e-07,3.2339165,0.046083435,3.28,12.768,-0.585,-3.03,1.86,234.84,497.26,3.841926694311101,2.9532251
2010-04-05,19994.332924054997,18.484330674506726,0.10594241006571609,1.1920928955078125e-07,5.349915,8.482337e-05,5.35,12.768,-1.265,-4.17,1.64,245.8,461.25,3.6755351228351216,2.8106556
2010-04-06,20005.400447652166,14.790093732583117,0.08758276423708532,1.1920928955078125e-07,15.221158,0.008841311,15.23,12.863997,-0.905,-3.44,1.63,211.77,482.15,3.5236439252233644,2.8106556
2010-04-07,20019.13769596302,11.933409007799268,0.07411602503583879,1.1920928955078125e-07,11.1842,2.2557993,13.44,12.953581,-0.32,-2.74,2.1,215.59,510.14,3.410506480510502,2.8412063
2010-04-08,20033.181634284185,8.925530326429366,0.0508450945457681,1.1920928955078125e-07,14.929989,1.1568665e-05,14.93,12.960006,-1.565,-5.08,1.95,291.39,434.22,3.2953049469909694,3.574421
2010-04-09,20044.858019192307,5.651114179350418,0.030707778588183167,1.1920928955078125e-07,8.2,1.1920929e-07,8.2,13.056003,-2.34,-5.09,0.41,244.8,431.85,3.1743144376531,3.1059783
2010-04-10,20051.013399951116,2.5109007337391565,0.015324040915715669,1.1920928955078125e-07,4.4864807,0.023519333,4.51,13.056003,-0.685,-4.86,3.49,346.37,430.55,3.062457785216187,2.8615735
2010-04-11,20052.03513987217,2.8379973753870273,0.020446839839627907,1.1920928955078125e-07,1.3500453e-07,4.53,4.53,13.152002,1.615,-2.22,5.45,365.62,525.89,3.0739228684337685,2.719004
2010-04-12,20052.000145618185,2.090798543409785,0.016626650669127132,0.1495503861122014,1.1920929e-07,1.1920929e-07,0.0,13.152002,3.07,0.77,5.37,257.87,653.94,3.0477954638156084,2.739371
2010-04-13,20051.966135735784,3.3246043298613355,0.022809172095655868,1.1920928955078125e-07,0.00062350184,8.749376,8.75,13.248003,0.795,-2.53,4.12,284.72,532.53,3.091058428139828,3.1670794
2010-04-14,20051.966564500453,5.198131919851209,0.03824471396881713,1.1920928955078125e-07,1.1920929e-07,1.36,1.36,13.343994,1.71,-4.5,7.92,492.15,445.83,3.157930162042569,3.1568959
2010-04-15,20051.671778440483,5.52756211751287,0.05113162336864304,0.7984342575073242,1.1920929e-07,4.85,4.85,13.343994,5.115,1.88,8.35,290.76,700.91,3.1698371724862735,3.1059783
2010-04-16,20050.34789976505,5.905875770010502,0.06798149679773827,1.822887897491455,1.1920929e-07,1.1920929e-07,0.0,13.440002,8.35,4.07,12.63,414.98,810.62,3.183566432228307,3.3809338
2010-04-17,20048.69210338104,5.450475555621181,0.05705087208356349,1.3589545488357544,1.1920929e-07,2.09,2.09,13.440002,6.885,2.39,11.38,401.65,730.41,3.167046918419805,4.073414
2010-04-18,20047.234703829872,4.7609147698034135,0.052579825938008695,1.5853791236877441,1.1920929e-07,1.1920929e-07,0.0,13.536,7.6,1.17,14.03,517.08,669.32,3.14219631613846,4.541857
2010-04-19,20045.366473305934,3.1519313228505212,0.0382224989771978,2.044562578201294,1.1920929e-07,1.1920929e-07,0.0,13.536,9.05,3.81,14.29,447.22,805.04,3.0849669495625553,4.7862616
2010-04-20,20043.7082978035,5.883492940521005,0.05990039686376809,1.156280517578125,1.1920929e-07,9.2,9.2,13.631997,6.245,2.31,10.18,314.08,737.87,3.182752491626328,5.499109
2010-04-21,20043.08445569947,14.511081317550527,0.11898046368106983,0.09093917952683128,1.1920929e-07,12.33,12.33,13.721575,2.895,-0.41,6.2,289.13,602.62,3.5124303805942843,6.5378294
2010-04-22,20043.079649609375,16.622922930893395,0.12305792638851597,1.1920928955078125e-07,1.1920929e-07,0.13999997,0.14,13.728,1.385,-1.66,4.43,364.18,550.94,3.5982008472045757,5.5805774
2010-04-23,20042.96961285923,15.036001857972568,0.13006792093013161,0.3123172831817733,1.1920929e-07,3.84,3.84,13.824003,3.58,-1.15,8.31,359.48,571.65,3.533556680721807,4.826996
2010-04-24,20042.896078039255,17.160742939498267,0.12365880646870549,1.1920928955078125e-07,0.00020928383,7.5997906,7.6,13.824003,0.89,-2.54,4.32,289.48,519.26,3.6203765065694524,4.664059
2010-04-25,20042.89618830077,19.8188737927814,0.15572694216617988,1.1920928955078125e-07,1.1920929e-07,4.86,4.86,13.919997,2.055,-3.45,7.56,390.46,487.37,3.7320011618213154,4.287268
2010-04-26,20042.23757558203,22.05326102348865,0.2351274591303786,1.278201699256897,1.1920929e-07,6.68,6.68,13.919997,6.63,2.61,10.65,331.85,741.33,3.8284893545386107,4.03268
2010-04-27,20041.47677333331,27.7886920998442,0.23861565351627234,0.21232201278587937,1.1920929e-07,11.34,11.34,14.016,3.265,-0.83,7.36,337.44,595.31,4.087739130904855,4.643692
2010-04-28,20041.449840291676,34.95296309755003,0.2612141694092665,1.1920928955078125e-07,1.1835098e-05,11.679989,11.68,14.016,1.22,-1.09,3.53,211.75,576.06,4.436371817065473,4.7862616
2010-04-29,20041.453480478584,41.408280151391764,0.2982753395619909,1.1920928955078125e-07,0.0064334003,11.053567,11.06,14.111995,0.585,-1.85,3.02,229.43,547.54,4.775900867802983,4.55204
2010-04-30,20041.454980897517,47.957098004605946,0.3571607633596546,1.1920928955078125e-07,6.3061416e-05,13.829937,13.83,14.111995,1.07,-1.21,3.35,212.86,572.1,5.14690987835437,4.6131415
2010-05-01,20041.455099437055,60.3761437083753,0.45054124688674907,1.1920928955078125e-07,0.00021061719,23.019789,23.02,14.208003,1.0,-1.08,3.08,196.02,576.23,5.931469922366502,5.275071
2010-05-02,20041.45557975888,80.42972381449529,0.5946463251797631,1.1920928955078125e-07,0.0010888535,30.778912,30.78,14.208003,0.865,-1.74,3.47,251.59,554.15,7.458577865517742,6.171222
2010-05-03,20043.3641108533,98.44144359357108,0.6829131298188331,1.1920928955078125e-07,12.013329,12.616671,24.63,14.304003,-0.155,-3.46,3.15,308.09,498.4,9.162611056863916,7.841322
2010-05-04,20058.363460562796,91.86059559667076,0.6164465877644107,1.1920928955078125e-07,11.951738,0.09826186,12.05,14.311055,-0.64,-3.73,2.45,292.47,475.7,8.499024423513232,6.7618675
2010-05-05,20067.704121052266,83.22460736783216,0.5342144255387935,1.1920928955078125e-07,6.85996,4.0071012e-05,6.86,14.4,-1.365,-3.98,1.25,258.9,470.35,7.700564168921227,5.692596
2010-05-06,20070.91525721332,75.52631057007838,0.544599936634437,1.1920928955078125e-07,0.006973144,0.69302684,0.7,14.407056,0.3,-3.5,4.1,438.0,485.3,7.052259215150563,4.989932
2010-05-07,20070.909865522866,68.38519621588763,0.6028364178828882,0.17709886911221506,1.1920929e-07,1.1920929e-07,0.0,14.496,3.155,-1.0,7.31,437.84,570.77,6.499776015437773,4.6335087
2010-05-08,20070.49328019582,61.92449000211182,0.6049611900389219,0.6638461947441101,1.1920929e-07,1.1920929e-07,0.0,14.496,4.69,0.09,9.29,455.86,614.73,6.037321273075623,4.3076353
2010-05-09,20069.608010914453,56.33313343191804,0.60431828894176,1.0802778005599976,1.1920929e-07,1.1920929e-07,0.0,14.592003,6.005,0.71,11.3,498.3,643.24,5.663740789123337,4.0632305
2010-05-10,20068.931567611005,58.925699053912375,0.5251827774724309,0.19795224142503542,1.1920929e-07,16.2,16.2,14.592003,3.22,-0.18,6.62,271.71,606.27,5.833995721513756,4.3891034
2010-05-11,20068.728233290276,60.645472207492304,0.5553426208555124,0.29488971809588094,1.1920929e-07,1.1920929e-07,0.0,14.688,3.525,0.7,6.35,356.43,651.45,5.949748073784202,4.7658944
2010-05-12,20068.208330728914,54.857226233406664,0.5567077821536056,0.782600462436676,1.1920929e-07,1.1920929e-07,0.0,14.688,5.065,1.44,8.69,426.8,688.87,5.569046100580014,4.55204
2010-05-13,20067.0228897277,50.046443162548634,0.6068163323330847,1.6107133626937866,1.1920929e-07,1.1920929e-07,0.0,14.784,7.68,1.94,13.42,533.24,707.31,5.271238016302355,4.562224
2010-05-14,20064.965304846577,46.30533012963434,0.6875018242305484,2.612999439239502,1.1920929e-07,1.1920929e-07,0.0,14.784,10.845,5.51,16.18,492.48,915.01,5.050699079362324,4.908464
2010-05-15,20062.39064230452,43.247913462983796,0.648450248089518,2.631999969482422,1.1920929e-07,1.1920929e-07,0.0,14.873578,10.905,5.8,16.01,471.14,918.32,4.877333446562506,5.519476
2010-05-16,20059.5450554558,40.62716316236221,0.6532316196493086,2.981929302215576,1.1920929e-07,1.1920929e-07,0.0,14.88,12.01,7.28,16.74,450.96,1022.9,4.733472683397966,6.0592036
2010-05-17,20056.697913204098,41.17781211206561,0.6086710961341891,2.555997371673584,1.1920929e-07,7.37,7.37,14.887058,10.665,5.98,15.35,354.93,940.94,4.763343062405876,7.077557
2010-05-18,20054.71137272893,49.17988914117594,0.5834115991019356,1.4412906169891357,1.1920929e-07,15.55,15.55,14.975997,7.145,2.54,11.75,364.5,759.46,5.219312632148254,9.582706
2010-05-19,20053.55530956472,59.33341164982242,0.6248087131173017,0.86652010679245,1.1920929e-07,13.84,13.84,14.975997,5.33,-0.23,10.89,398.5,620.94,5.861232226179316,9.613257
2010-05-20,20053.091204147502,68.06521635796874,0.6043702501537499,0.020627133830569133,1.1920929e-07,16.57,16.57,15.071998,2.685,-1.57,6.94,337.44,557.93,6.476059720928746,8.778207
2010-05-21,20053.066689548188,73.51001389994212,0.586918806129263,1.1920928955078125e-07,2.5622845e-05,9.769975,9.77,15.071998,1.125,-1.58,3.83,257.65,558.27,6.891672426111657,6.945171
2010-05-22,20053.067279555315,76.2701318047795,0.6252193567691513,1.1920928955078125e-07,6.4015387e-07,10.739999,10.74,15.071998,1.51,-1.46,4.48,273.15,561.65,7.112440668933156,6.161039
2010-05-23,20053.067285949626,78.29690878202828,0.6457012687767514,1.1920928955078125e-07,5.1140785e-07,8.579999,8.58,15.168,1.505,-1.69,4.7,290.68,553.82,7.279043153010505,5.723147
2010-05-24,20053.06713973385,74.39698860257761,0.6587516831560793,1.1920928955078125e-07,1.1920929e-07,0.17,0.17,15.168,2.55,-1.79,6.89,484.84,549.6,6.961859537136713,5.3056216
2010-05-25,20052.696346354347,69.08709752121445,0.7202943129586324,0.7556828260421753,1.1920929e-07,4.27,4.27,15.175058,4.98,2.32,7.64,243.57,730.15,6.552104257177388,5.0408497
2010-05-26,20051.753278216907,70.60857118607734,0.7781239391332699,0.9931913018226624,1.1920929e-07,11.55,11.55,15.263997,5.73,2.38,9.08,310.91,744.57,6.6669842378992845,5.6009445
2010-05-27,20051.02830510813,75.11576743201303,0.7391868836766889,0.45325505539457467,1.1920929e-07,10.82,10.82,15.263997,4.025,1.27,6.78,268.84,685.42,7.01926115852928,6.069387
2010-05-28,20050.67899739378,90.75779891355732,0.8554099472952977,0.24731454488210147,1.1920929e-07,35.18,35.18,15.271052,3.375,1.34,5.41,199.36,691.23,8.392622119948484,10.794547
2010-05-29,20050.61729084347,105.2867958166334,0.9082266059748276,1.1920928955078125e-07,1.1920929e-07,13.31,13.31,15.359997,1.98,1.06,2.9,99.87,674.78,9.907902756039052,12.525748
2010-05-30,20050.55551587535,104.59943018561952,0.9983009011321056,0.2790408379098608,1.1920929e-07,8.57,8.57,15.359997,3.475,0.41,6.54,276.65,638.37,9.830405762859577,9.317935
2010-05-31,20049.95030022648,106.05690709099927,1.1534452347533495,0.8997712731361389,1.1920929e-07,15.11,15.11,15.359997,5.435,2.38,8.49,289.42,742.18,9.995454814963205,10.794547
2010-06-01,20049.122159411116,107.50078406690692,1.1286350544111212,0.7034309506416321,1.1920929e-07,8.49,8.49,15.449575,4.815,1.47,8.16,307.62,700.33,10.161696077805813,11.100053
2010-06-02,20048.32529498319,117.91694650164702,1.2802488071565892,0.86176997423172,1.1920929e-07,33.81,33.81,15.456,5.315,1.9,8.73,316.77,723.98,11.445766422023873,17.10834
2010-06-03,20047.609332391425,126.77594465902642,1.2931246696466354,0.5640926361083984,1.1920929e-07,9.51,9.51,15.456,4.375,-0.26,9.01,378.43,616.54,12.664785885015256,17.210175
2010-06-04,20047.106489165224,125.32215150262033,1.2508521127317462,0.4611720925939977,1.1920929e-07,13.8,13.8,15.456,4.05,1.03,7.07,276.99,672.83,12.456183928552832,13.0349245
2010-06-05,20046.60072046631,119.02867555036724,1.2306336246139065,0.6131777763366699,1.1920929e-07,0.37,0.37,15.505464,4.53,-0.31,9.37,506.05,611.24,11.592059557275483,10.692712
2010-06-06,20045.41944199788,116.11600235507767,1.5218690083692934,1.7437183856964111,1.1920929e-07,15.85,15.85,15.552,8.1,4.42,11.78,301.63,845.91,11.212686684505032,10.692712
2010-06-07,20043.980131349108,117.92649708008508,1.3518449429338257,1.0929449796676636,1.1920929e-07,10.5,10.5,15.552,6.045,2.95,9.14,292.28,782.27,11.447015293022904,11.812901
2010-06-08,20042.66590367674,115.4276287834764,1.451399102628278,1.5410443544387817,1.1920929e-07,8.05,8.05,15.552,7.46,1.9,13.02,406.02,710.46,11.124855916155365,9.786377
2010-06-09,20041.122059583657,115.43894301599832,1.4276679889196895,1.4602915048599243,1.1920929e-07,15.12,15.12,15.552,7.205,2.07,12.34,389.29,725.62,11.126293942677265,10.285371
2010-06-10,20040.160536155578,126.04103123692259,1.2668384972306532,0.46275537001820055,1.1920929e-07,28.77,28.77,15.559052,4.055,2.04,6.07,198.9,727.7,12.558901591539588,14.867961
2010-06-11,20039.65572687866,131.8732354469687,1.4204565707555725,0.7667664885520935,1.1920929e-07,9.08,9.08,15.641572,5.015,2.47,7.56,250.89,749.03,13.424172234636183,17.923021
2010-06-12,20038.220037222083,122.54028001677317,1.7450311132262255,2.1221485137939453,1.1920929e-07,1.1920929e-07,0.0,15.647997,9.295,4.16,14.43,521.4,825.54,12.06654826062274,12.525748
2010-06-13,20035.77521386677,111.88256956117174,1.731194783863978,2.5354135036468506,1.1920929e-07,1.1920929e-07,0.0,15.647997,10.6,4.14,17.06,562.65,829.13,10.683313239236446,10.489041
2010-06-14,20034.0176762232,102.07431201231483,1.1410757946576007,0.9425228834152222,1.1920929e-07,1.1920929e-07,0.0,15.647997,5.57,0.89,10.25,488.39,670.37,9.550878937827076,9.083714
2010-06-15,20033.385593120795,95.81283728545606,0.9476706799536787,0.35983113598539873,1.1920929e-07,7.7,7.7,15.647997,3.73,-0.42,7.88,359.67,614.68,8.891554651779886,7.7293034
2010-06-16,20033.228670839475,97.25946726918727,0.8899466690511856,1.1920928955078125e-07,1.1920929e-07,14.22,14.22,15.647997,2.575,-0.63,5.78,306.98,601.32,9.039720492823184,7.311778
2010-06-17,20033.207551697087,100.76476475379513,0.9553151868751181,0.15931997280606147,1.1920929e-07,11.32,11.32,15.647997,3.1,0.91,5.29,219.26,668.81,9.409058340501108,6.7415004
2010-06-18,20032.577492450935,96.27550682583768,1.1122887299379727,1.10086190700531,1.1920929e-07,1.1920929e-07,0.0,15.647997,6.07,1.64,10.5,498.92,708.67,8.938675835650733,6.323975
2010-06-19,20031.33122366612,91.30446256291604,1.0914541361303345,1.265534520149231,1.1920929e-07,7.61,7.61,15.647997,6.59,3.08,10.1,327.05,784.56,8.44519890321164,6.873886
2010-06-20,20030.28190512356,91.70149582157583,1.0000156681966652,0.8237686157226562,1.1920929e-07,8.93,8.93,15.647997,5.195,3.47,6.92,188.68,803.42,8.483590961468261,7.515449
2010-06-21,20029.58280556524,89.0096399328734,0.9537566041631818,0.7398488521575928,1.1920929e-07,3.01,3.01,15.647997,4.93,2.9,6.96,250.2,769.94,8.226675468318927,7.708936
2010-06-22,20028.286045952576,82.52921779674088,1.1316183985456396,1.9353084564208984,1.1920929e-07,1.1920929e-07,0.0,15.647997,8.705,3.61,13.8,531.38,802.64,7.6396320694239,7.6580186
2010-06-23,20025.638677747316,76.55852189126621,1.3875429003286948,3.3350253105163574,1.1920929e-07,1.1920929e-07,0.0,15.647997,13.125,8.36,17.89,491.08,1111.34,7.135911794794889,7.6783853
2010-06-24,20022.17616965276,71.70381966455305,1.325139870869088,3.4347786903381348,1.1920929e-07,1.1920929e-07,0.0,15.647997,13.44,8.2,18.68,505.55,1100.32,6.750926609050014,8.014442
2010-06-25,20019.09804428862,67.00837210785177,1.0704384056796676,2.695335626602173,1.1920929e-07,1.1920929e-07,0.0,15.647997,11.105,6.04,16.17,517.51,960.35,6.398341635096467,7.841322
2010-06-26,20016.606608215985,62.27897686124147,0.9353698405922214,2.3865747451782227,1.1920929e-07,1.1920929e-07,0.0,15.647997,10.13,3.51,16.75,564.24,805.64,6.06181999524412,7.3728795
2010-06-27,20013.842980074696,58.150675583203125,1.0081102542308897,3.108600616455078,1.1920929e-07,1.1920929e-07,0.0,15.647997,12.41,6.89,17.93,519.4,1002.12,5.782570151372255,7.0164557
2010-06-28,20010.819374276805,54.5474762979048,0.8902227540747144,2.803006172180176,1.1920929e-07,1.1920929e-07,0.0,15.647997,11.445,6.01,16.88,512.83,948.77,5.549374341257109,7.1895757
2010-06-29,20008.57798461289,50.58947309870148,0.6632714937570378,1.7152173519134521,1.1920929e-07,1.1920929e-07,0.0,15.647997,8.01,2.1,13.92,537.8,733.02,5.304040257777857,7.3015947
2010-06-30,20007.21002818815,46.191696240014544,0.5371791291488662,1.132529616355896,1.1920929e-07,1.1920929e-07,0.0,15.647997,6.17,1.13,11.21,495.51,673.06,5.044146733104126,5.9370008
2010-07-01,20005.96797350643,42.407097879695094,0.5147832552073747,1.3399537801742554,1.1920929e-07,1.14,1.14,15.647997,6.825,2.88,10.77,405.64,766.97,4.830708494862056,5.499109
2010-07-02,20004.742712432628,42.65126422150044,0.4900025357560375,1.0881948471069336,1.1920929e-07,7.33,7.33,15.601469,6.03,3.92,8.14,184.78,828.08,4.84420190759818,5.3056216
2010-07-03,20003.868272357548,41.995595313779575,0.441181774094657,0.6749298572540283,1.1920929e-07,1.1920929e-07,0.0,15.552,4.725,1.76,7.69,340.04,714.28,4.808052543725113,5.4074574
2010-07-04,20003.00465466128,37.570311193869195,0.434808394656611,1.138863205909729,1.1920929e-07,1.1920929e-07,0.0,15.552,6.19,4.1,8.28,245.11,829.98,4.571025359117897,4.816812
2010-07-05,20002.005278621764,34.549568417063355,0.37906779246381195,0.8823540806770325,1.1920929e-07,1.77,1.77,15.552,5.38,2.71,8.05,295.77,762.59,4.41597430856253,5.2241535
2010-07-06,20000.40446105473,32.17101978865564,0.49052790631920046,2.492661952972412,1.1920929e-07,1.1920929e-07,0.0,15.552,10.465,5.03,15.9,504.86,878.25,4.297596359891445,5.091768
2010-07-07,19996.709792036152,30.995043047156848,0.7339153046991572,4.758493423461914,1.1920929e-07,1.1920929e-07,0.0,15.552,17.62,12.64,22.6,437.37,1452.31,4.240246849619448,5.8147984
2010-07-08,19991.492686749636,31.17058694954558,0.84283661213574,5.499518871307373,1.1920929e-07,1.1920929e-07,0.0,15.463053,19.96,15.38,24.54,397.06,1751.24,4.24875885258847,6.7109494
2010-07-09,19985.914023977035,31.628349797261656,0.8523221274958547,5.483685493469238,1.1920929e-07,1.1920929e-07,0.0,15.456,19.91,14.54,25.28,433.7,1659.96,4.271035920254074,7.759854
2010-07-10,19981.05000045744,31.458919053929673,0.6713862090027733,4.24389123916626,1.1920929e-07,1.1920929e-07,0.0,15.456,15.995,11.65,20.34,389.88,1379.92,4.262776975987414,7.9940753
2010-07-11,19976.832273667686,30.77040688143464,0.6429069289062814,4.133054256439209,1.1920929e-07,1.1920929e-07,0.0,15.456,15.645,10.09,21.2,494.56,1256.88,4.2293792653495705,8.09591
2010-07-12,19974.07611090404,28.84667915916998,0.34602485388000026,1.3700382709503174,1.1920929e-07,1.1920929e-07,0.0,15.367059,6.92,2.74,11.1,442.45,775.14,4.137445272222774,7.4441643
2010-07-13,19973.12759872937,25.437611278559746,0.2807001549995873,0.9694405198097229,1.1920929e-07,1.1920929e-07,0.0,15.359997,5.655,1.82,9.49,417.01,721.92,3.979408617642299,5.7638807
2010-07-14,19971.42644293587,22.91307557763617,0.34157200541639443,2.441993474960327,1.1920929e-07,1.1920929e-07,0.0,15.359997,10.305,4.98,15.63,494.07,876.83,3.866280169245767,5.000116
2010-07-15,19968.180839950204,21.928685297294248,0.44015720283597426,3.958881139755249,1.1920929e-07,1.1920929e-07,0.0,15.353575,15.095,9.59,20.6,465.96,1207.38,3.8230446889926366,5.6009445
2010-07-16,19964.383546596957,21.487814007998086,0.3856928971292934,3.412611484527588,1.1920929e-07,1.1920929e-07,0.0,15.263997,13.37,7.47,19.27,498.24,1041.98,3.803838229401772,5.9471846
2010-07-17,19961.17978395348,20.54446254193284,0.3428999637241074,3.042098045349121,1.1920929e-07,1.1920929e-07,0.0,15.263997,12.2,6.25,18.15,511.96,959.84,3.7630648381870895,5.712963
2010-07-18,19958.224628325876,19.43193204803789,0.3134214500346408,2.8710920810699463,1.1920929e-07,1.1920929e-07,0.0,15.257575,11.66,7.02,16.3,446.28,1014.89,3.7155405050961656,5.631495
2010-07-19,19955.43167038738,18.236153264127296,0.2830043443352913,2.7064194679260254,1.1920929e-07,1.1920929e-07,0.0,15.168,11.14,5.76,16.52,487.05,935.15,3.6651290550139017,5.438008
2010-07-20,19952.28848611803,17.43450915761558,0.3243886790603902,3.6295359134674072,1.1920929e-07,1.1920929e-07,0.0,15.168,14.055,9.01,19.1,449.95,1160.8,3.6317170074383127,5.5805774
2010-07-21,19948.44629773454,17.312148370444334,0.3414773839511835,3.933546781539917,1.1920929e-07,1.1920929e-07,0.0,15.161578,15.015,9.68,20.35,450.69,1214.78,3.626643946359622,5.977735
2010-07-22,19944.878775003395,16.942693709368616,0.2889611260434779,3.216271162033081,1.1920929e-07,1.1920929e-07,0.0,15.071998,12.75,7.05,18.45,483.28,1023.03,3.611369368341846,6.130488
2010-07-23,19941.62748825057,16.311448015704354,0.2907105936661231,3.441112518310547,1.1920929e-07,1.1920929e-07,0.0,15.071998,13.46,7.81,19.11,477.54,1069.74,3.5854201258689002,5.9268174
2010-07-24,19937.463095851715,16.555445134671153,0.3820880187427453,4.820245265960693,1.1920929e-07,1.1920929e-07,0.0,14.983053,17.815,12.36,23.27,438.77,1430.27,3.5954281768151732,6.089754
2010-07-25,19932.616452274713,17.39531064781298,0.40092363015062404,4.815495014190674,1.1920929e-07,1.1920929e-07,0.0,14.975997,17.8,12.2,23.4,434.57,1415.92,3.630091070661188,6.1915894
2010-07-26,19927.90923155007,18.057352266632787,0.3998342845066491,4.603320598602295,1.1920929e-07,1.1920929e-07,0.0,14.975997,17.13,11.99,22.27,407.58,1399.85,3.657650200810288,5.987919
2010-07-27,19923.349244351757,18.548316937221827,0.4034457426850616,4.543152332305908,1.1920929e-07,1.1920929e-07,0.0,14.88,16.94,12.02,21.86,395.74,1401.68,3.678222851331286,5.6824126
2010-07-28,19918.58966238143,19.190269280584168,0.4434055106338624,4.862997055053711,1.1920929e-07,1.1920929e-07,0.0,14.88,17.95,12.09,23.81,458.15,1407.38,3.7052969260193085,5.8453493
2010-07-29,19913.948100938574,19.684456515248755,0.41553097310078335,4.419647216796875,1.1920929e-07,1.1920929e-07,0.0,14.784,16.55,11.48,21.62,416.78,1358.73,3.7262747471567725,6.0082855
2010-07-30,19909.740751556732,19.761237592881518,0.3867371888606396,4.023799896240234,1.1920929e-07,1.1920929e-07,0.0,14.784,15.3,11.02,19.58,369.54,1321.33,3.729544680462079,5.8555326
2010-07-31,19906.00451269522,19.40961343193745,0.3383541111389733,3.4426958560943604,1.1920929e-07,1.1920929e-07,0.0,14.737467,13.465,8.48,18.45,441.4,1124.82,3.71459327992269,5.70278
2010-08-01,19902.66083385291,18.728657060187672,0.3103168340517187,3.200437068939209,1.1920929e-07,1.1920929e-07,0.0,14.688,12.7,8.49,16.91,389.16,1129.51,3.6858085778127485,5.427824
2010-08-02,19899.259525012436,18.143362049782635,0.32027747445870836,3.5266153812408447,1.1920929e-07,1.1920929e-07,0.0,14.681575,13.73,9.02,18.44,415.45,1166.44,3.6612458949103934,5.499109
2010-08-03,19895.676601180716,17.756666135373464,0.3181299511644514,3.6342859268188477,1.1920929e-07,1.1920929e-07,0.0,14.592003,14.07,9.3,18.84,402.03,1186.66,3.6451075537167776,5.2445207
2010-08-04,19891.68935268374,17.76250004783742,0.363012902607748,4.318310260772705,1.1920929e-07,1.1920929e-07,0.0,14.592003,16.23,10.89,21.57,428.96,1311.56,3.645350496533034,4.8677297
2010-08-05,19887.244044819872,18.179701750012637,0.3838372371007997,4.524150848388672,1.1920929e-07,1.1920929e-07,0.0,14.496,16.88,11.72,22.04,406.14,1377.62,3.6627661614004134,4.826996
2010-08-06,19882.744730748713,18.582724867045275,0.37956251089655646,4.349978446960449,1.1920929e-07,1.1920929e-07,0.0,14.496,16.33,9.94,22.72,471.75,1236.57,3.679668961147445,4.664059
2010-08-07,19879.105628553352,20.459562694406895,0.3123285772928562,2.885342597961426,1.1920929e-07,4.98,4.98,14.4,11.705,7.81,15.6,253.63,1081.27,3.7594168170029607,4.287268
2010-08-08,19876.60991802718,24.308361017291336,0.3219323598001651,2.1744003295898438,1.1920929e-07,5.21,5.21,14.4,9.46,7.41,11.51,145.72,1059.46,3.9284016208391943,3.9715786
2010-08-09,19874.63296509115,24.407897984987233,0.3018235306731984,1.8688061237335205,1.1920929e-07,1.1920929e-07,0.0,14.304003,8.495,5.71,11.28,275.34,946.25,3.9328711993047345,3.4522183
2010-08-10,19872.673898902205,22.16486079721072,0.2870548504072675,2.0968143939971924,1.1920929e-07,1.1920929e-07,0.0,14.304003,9.215,5.95,12.48,324.63,954.22,3.833373481740901,3.1161618
2010-08-11,19870.386544701036,20.477691808489567,0.28697194587863434,2.5227463245391846,1.1920929e-07,0.21,0.21,14.208003,10.56,5.94,15.18,411.65,948.95,3.7601955012144126,2.9226747
2010-08-12,19867.434787811715,19.4613779762094,0.32194936914578737,3.361943006515503,1.1920929e-07,1.1920929e-07,0.0,14.208003,13.21,8.54,17.88,378.82,1125.53,3.716790590345639,2.9735923
2010-08-13,19863.712426013528,19.138921724772544,0.3649990707231697,4.131470680236816,1.1920929e-07,1.1920929e-07,0.0,14.111995,15.64,11.15,20.13,352.7,1332.31,3.703124050965057,3.0346935
2010-08-14,19858.87265793434,19.839984528125154,0.4897339577016902,5.501102924346924,1.1920929e-07,1.1920929e-07,0.0,14.111995,19.965,14.27,25.66,400.53,1624.35,3.7329013158625894,2.9226747
2010-08-15,19853.146865450108,21.276043002122087,0.557162115288189,5.858948707580566,1.1920929e-07,1.1920929e-07,0.0,14.016,21.095,17.07,25.12,306.84,1935.32,3.794646808834652,2.85139
2010-08-16,19847.24210721281,22.771467633256815,0.60196108510547,5.912784099578857,1.1920929e-07,1.1920929e-07,0.0,14.009578,21.265,16.31,26.22,353.25,1847.08,3.8600306150997175,2.8819404
2010-08-17,19841.50133833205,24.02270466265159,0.5923249460139787,5.569188594818115,1.1920929e-07,1.1920929e-07,0.0,13.919997,20.18,14.73,25.63,382.54,1674.35,3.91560277904041,2.719004
2010-08-18,19836.756814781922,24.323180705569943,0.4438447000692766,4.006382465362549,1.1920929e-07,1.1920929e-07,0.0,13.831053,15.245,7.63,22.86,495.26,1063.0,3.929066757747833,2.4338648
2010-08-19,19833.29974936022,23.47181691731987,0.34635976859221757,2.9201769828796387,1.1920929e-07,1.1920929e-07,0.0,13.824003,11.815,5.39,18.24,467.81,922.46,3.8910378674965083,2.1385424
2010-08-20,19830.849317592147,21.761819927761742,0.266871006229367,2.0303118228912354,1.1920929e-07,1.1920929e-07,0.0,13.728,9.005,2.65,15.36,471.51,765.15,3.815763856385017,1.9043211
2010-08-21,19828.811776960432,19.77292905006881,0.24388371335418021,2.0588130950927734,1.1920929e-07,1.1920929e-07,0.0,13.728,9.095,5.08,13.11,332.44,887.06,3.730042844984242,1.7108339
2010-08-22,19827.161660256046,17.525592070536394,0.18340780508044494,1.2892853021621704,1.1920929e-07,1.1920929e-07,0.0,13.631997,6.665,3.73,9.6,256.7,825.17,3.6354978989291515,1.5682644
2010-08-23,19825.690722346873,15.23362097088508,0.18273024006018165,1.9558926820755005,1.1920929e-07,1.1920929e-07,0.0,13.631997,8.77,3.18,14.36,442.93,780.78,3.5415430735219786,1.5275303
2010-08-24,19822.55432752055,14.624487991122383,0.28011176033070495,4.372145652770996,1.1920929e-07,1.1920929e-07,0.0,13.536,16.4,11.26,21.54,374.65,1340.79,3.516983898288641,1.7515681
2010-08-25,19817.46331102415,15.843374765669932,0.3658734903725685,5.366514682769775,1.1920929e-07,1.1920929e-07,0.0,13.536,19.54,13.07,26.01,422.5,1495.34,3.5662990388613114,2.036707
2010-08-26,19813.43734613198,15.997578198186467,0.214633735078589,2.5829150676727295,1.1920929e-07,1.1920929e-07,0.0,13.440002,10.75,5.51,15.99,416.76,929.86,3.5725870560386164,2.1385424
2010-08-27,19811.44566677384,14.26768166896586,0.15528757387015005,1.5837956666946411,1.1920929e-07,1.1920929e-07,0.0,13.343994,7.595,3.15,12.04,382.4,790.54,3.5026772656014105,1.6802833
2010-08-28,19809.929696591913,12.180631883729449,0.12980207454328832,1.4808753728866577,1.1920929e-07,1.1920929e-07,0.0,13.343994,7.27,2.91,11.63,349.52,756.31,3.4201523258977318,1.446062
2010-08-29,19808.348881148613,10.25836137260527,0.11247621859547001,1.6550483703613281,1.1920929e-07,1.1920929e-07,0.0,13.248003,7.82,2.42,13.22,423.1,737.44,3.3458641930548434,1.3544102
2010-08-30,19806.956035186155,8.238566171905767,0.0806627918579405,1.10561203956604,1.1920929e-07,1.1920929e-07,0.0,13.248003,6.085,2.5,9.67,305.8,746.49,3.2695449394815967,1.3034925
2010-08-31,19805.88597170972,21.584687867781984,0.20987057324555777,1.107195496559143,1.1920929e-07,33.72,33.72,13.152002,6.09,2.66,9.52,233.75,759.01,3.8080502289241864,2.6579027
2010-09-01,19804.61394558066,52.42435714382067,0.5640146396632539,1.5980461835861206,1.1920929e-07,30.16,30.16,13.152002,7.64,4.41,10.87,224.42,859.0,5.41639580298548,9.8983965
2010-09-02,19802.417396521876,61.545513887335474,0.8372643753780329,2.7982561588287354,1.1920929e-07,1.1920929e-07,0.0,13.056003,11.43,5.79,17.07,403.37,919.8,6.011239586328902,5.183419
2010-09-03,19798.96711362047,58.17688298505493,0.9902088064768727,3.9826319217681885,1.1920929e-07,1.1920929e-07,0.0,12.960006,15.17,10.11,20.23,356.3,1247.31,5.784301678205362,4.643692
2010-09-04,19795.66913769675,54.937827141570075,0.6583859604121002,2.2013180255889893,1.1920929e-07,1.1920929e-07,0.0,12.960006,9.545,3.68,15.41,425.28,822.26,5.574176368472113,4.562224
2010-09-05,19794.083271225038,50.526492256579225,0.48495620507674586,1.151530385017395,1.1920929e-07,1.1920929e-07,0.0,12.863997,6.23,3.13,9.33,269.57,792.3,5.3002253997349875,3.747541
2010-09-06,19792.9664834408,48.824454308509026,0.4692354533614684,1.1578638553619385,1.1920929e-07,7.07,7.07,12.863997,6.25,2.94,9.56,215.17,772.27,5.198162591612471,3.391117
2010-09-07,19791.67027005719,56.08533978929474,0.563919358170755,1.4127895832061768,1.1920929e-07,16.61,16.61,12.768,7.055,4.79,9.32,146.77,873.76,5.647730531998449,4.1548824
2010-09-08,19790.276471066558,69.24727007036151,0.6787320743239136,1.3257032632827759,1.1920929e-07,17.98,17.98,12.672003,6.78,4.6,8.96,147.44,868.51,6.564104378050108,5.9370008
2010-09-09,19789.10996042209,74.21455310820951,0.6805488536228059,1.0042749643325806,1.1920929e-07,4.5,4.5,12.672003,5.765,4.4,7.13,94.52,856.06,6.947365097171426,5.285255
2010-09-10,19788.16876903955,69.47981824528043,0.6267005004203129,0.9615235328674316,1.1920929e-07,0.08,0.08,12.575997,5.63,3.67,7.59,180.55,817.08,6.581566007047693,4.266901
2010-09-11,19786.98191402715,63.69997567394501,0.6395379070624734,1.4792919158935547,1.1920929e-07,1.1920929e-07,0.0,12.575997,7.265,3.55,10.98,321.99,803.88,6.1610278183914025,3.6864398
2010-09-12,19785.09711674922,58.92480506782786,0.6854573066000764,2.240902900695801,1.1920929e-07,1.1920929e-07,0.0,12.48,9.67,5.81,13.53,303.18,925.54,5.8339361396641305,3.574421
2010-09-13,19782.594013515685,55.02917426767211,0.7025330327169659,2.7444210052490234,1.1920929e-07,1.1920929e-07,0.0,12.383997,11.26,6.96,15.56,326.87,1000.25,5.579996349275476,3.6762562
2010-09-14,19779.615823729633,51.80887151310567,0.7242210521639524,3.203603982925415,1.1920929e-07,1.1920929e-07,0.0,12.383997,12.71,8.85,16.57,291.32,1144.55,5.3784449355965025,3.655889
2010-09-15,19776.307751669632,51.03153721173342,0.722031680355564,3.304940938949585,1.1920929e-07,4.9,4.9,12.288,13.03,9.64,16.42,197.87,1211.3,5.330894227443748,3.523503
2010-09-16,19773.395230061993,56.76675979946127,0.6862792412320852,2.5100791454315186,1.1920929e-07,12.87,12.87,12.288,10.52,7.61,13.43,185.2,1065.31,5.691867213464697,5.010299
2010-09-17,19770.929422044417,63.75291043028566,0.7627818015148894,2.4974117279052734,1.1920929e-07,9.13,9.13,12.192,10.48,7.63,13.33,187.63,1066.65,6.164754692677587,5.163052
2010-09-18,19768.14405659685,71.17896328352315,0.9193006813323232,2.9185938835144043,1.1920929e-07,14.66,14.66,12.103056,11.81,8.74,14.88,201.94,1148.34,6.710569333216081,6.22214
2010-09-19,19765.678519688045,80.22741340240941,0.862728422411584,2.006561040878296,1.1920929e-07,14.29,14.29,12.096,8.93,5.69,12.17,220.38,943.27,7.441359503988281,7.148842
2010-09-20,19764.124604526223,91.90102214478209,0.8144931852326326,1.102445125579834,1.1920929e-07,22.39,22.39,12.000006,6.075,3.76,8.39,169.29,831.7,8.502950469305793,7.159025
2010-09-21,19763.24589824413,97.06565708034474,0.8087915103512329,0.8063512444496155,1.1920929e-07,4.69,4.69,12.000006,5.14,1.66,8.62,283.86,703.99,9.019727848249827,5.6620455
2010-09-22,19762.0044311894,90.13613308837347,0.8923455271441231,1.6787991523742676,1.1920929e-07,1.1920929e-07,0.0,11.903997,7.895,4.37,11.42,288.4,838.13,8.333229464227578,4.012313
2010-09-23,19760.722914916012,86.12926114386195,0.7235608175320684,0.8839374780654907,1.1920929e-07,6.98,6.98,11.903997,5.385,2.66,8.11,177.16,753.21,7.960377685466835,3.3605666
2010-09-24,19759.55125412836,85.4194599010503,0.8283016136648195,1.6170470714569092,1.1920929e-07,5.99,5.99,11.808002,7.7,3.68,11.72,254.14,808.4,7.896089650528625,3.1263454
2010-09-25,19756.923347809497,82.06325003474535,1.154552874780095,3.5218653678894043,1.1920929e-07,1.1920929e-07,0.0,11.711994,13.715,8.97,18.46,345.44,1157.94,7.599072602721202,3.044877
2010-09-26,19753.5952129982,78.97020334574606,1.0211730079176333,3.0911831855773926,1.1920929e-07,4.05,4.05,11.711994,12.355,8.45,16.26,233.96,1117.84,7.335247518053024,4.4196544
2010-09-27,19750.21872361859,77.04639331732905,1.0964838625093922,3.623202323913574,1.1920929e-07,2.09,2.09,11.615997,14.035,10.68,17.39,253.51,1296.72,7.17579453714259,4.8575463
2010-09-28,19746.699979495614,73.2823249047083,1.0000782548297142,3.4078612327575684,1.1920929e-07,1.1920929e-07,0.0,11.615997,13.355,9.25,17.46,323.85,1192.35,6.8737696122646135,4.928831
2010-09-29,19743.561693306576,68.80344615814072,0.86210717408766,3.0151803493499756,1.1920929e-07,1.1920929e-07,0.0,11.520002,12.115,5.68,18.55,380.69,928.07,6.530906908434438,3.9919457
2010-09-30,19740.1291284654,64.94833146840358,1.0103359161578416,4.171055316925049,1.1920929e-07,1.1920929e-07,0.0,11.424,15.765,11.59,19.94,294.74,1366.97,6.249521315341095,3.4013007
